4.923319816589355469e-02
3.482794761657714844e-02
3.624129295349121094e-02
3.470611572265625000e-02
3.576612472534179688e-02
3.487992286682128906e-02
3.533792495727539062e-02
3.551483154296875000e-02
3.532981872558593750e-02
3.480410575866699219e-02
3.497028350830078125e-02
3.519272804260253906e-02
3.852915763854980469e-02
3.683090209960937500e-02
3.585004806518554688e-02
3.479981422424316406e-02
3.731918334960937500e-02
3.567624092102050781e-02
3.483319282531738281e-02
3.487396240234375000e-02
3.498506546020507812e-02
3.488707542419433594e-02
3.471302986145019531e-02
3.503394126892089844e-02
3.566074371337890625e-02
3.553199768066406250e-02
3.458404541015625000e-02
3.509402275085449219e-02
3.540492057800292969e-02
3.579211235046386719e-02
3.504371643066406250e-02
3.562593460083007812e-02
3.437399864196777344e-02
3.549814224243164062e-02
3.476810455322265625e-02
3.603816032409667969e-02
3.651928901672363281e-02
3.456997871398925781e-02
3.548288345336914062e-02
3.562808036804199219e-02
3.527402877807617188e-02
3.537821769714355469e-02
3.521776199340820312e-02
3.545093536376953125e-02
3.556394577026367188e-02
3.597021102905273438e-02
3.489112854003906250e-02
3.548598289489746094e-02
3.544592857360839844e-02
3.551316261291503906e-02
3.470611572265625000e-02
3.494787216186523438e-02
3.462886810302734375e-02
3.509783744812011719e-02
3.459906578063964844e-02
3.482294082641601562e-02
3.595209121704101562e-02
3.484392166137695312e-02
3.488707542419433594e-02
3.550696372985839844e-02
3.454279899597167969e-02
3.535795211791992188e-02
3.573226928710937500e-02
3.498911857604980469e-02
3.521490097045898438e-02
3.528404235839843750e-02
3.501796722412109375e-02
3.461813926696777344e-02
3.466820716857910156e-02
3.502631187438964844e-02
3.470587730407714844e-02
3.496599197387695312e-02
3.450298309326171875e-02
3.565597534179687500e-02
3.550505638122558594e-02
3.481292724609375000e-02
3.570795059204101562e-02
3.530669212341308594e-02
3.535580635070800781e-02
3.503108024597167969e-02
3.457784652709960938e-02
3.459024429321289062e-02
3.545618057250976562e-02
3.551506996154785156e-02
3.576183319091796875e-02
3.507590293884277344e-02
3.484916687011718750e-02
3.441524505615234375e-02
3.521895408630371094e-02
3.457713127136230469e-02
3.567409515380859375e-02
3.576183319091796875e-02
3.473043441772460938e-02
3.711986541748046875e-02
3.730368614196777344e-02
3.589081764221191406e-02
3.533911705017089844e-02
3.681516647338867188e-02
3.537201881408691406e-02
3.463411331176757812e-02
3.537416458129882812e-02
3.469181060791015625e-02
3.548812866210937500e-02
3.508710861206054688e-02
3.565430641174316406e-02
3.454995155334472656e-02
3.538608551025390625e-02
3.457593917846679688e-02
3.493595123291015625e-02
3.512001037597656250e-02
3.523707389831542969e-02
3.465914726257324219e-02
3.462791442871093750e-02
3.506898880004882812e-02
3.475499153137207031e-02
3.581500053405761719e-02
3.538107872009277344e-02
3.572702407836914062e-02
3.487277030944824219e-02
3.573989868164062500e-02
3.536701202392578125e-02
3.511023521423339844e-02
3.597307205200195312e-02
3.543400764465332031e-02
3.540301322937011719e-02
3.553009033203125000e-02
3.486394882202148438e-02
3.531432151794433594e-02
3.485202789306640625e-02
3.463387489318847656e-02
3.483605384826660156e-02
3.446507453918457031e-02
3.588819503784179688e-02
3.476095199584960938e-02
3.458976745605468750e-02
3.581476211547851562e-02
3.551387786865234375e-02
3.495502471923828125e-02
3.481316566467285156e-02
3.551411628723144531e-02
3.504991531372070312e-02
3.558897972106933594e-02
3.568410873413085938e-02
3.586721420288085938e-02
3.452706336975097656e-02
3.470110893249511719e-02
3.519320487976074219e-02
3.469705581665039062e-02
3.558826446533203125e-02
3.568267822265625000e-02
3.731465339660644531e-02
3.489685058593750000e-02
3.578376770019531250e-02
3.532218933105468750e-02
3.468489646911621094e-02
3.504896163940429688e-02
3.464102745056152344e-02
3.496217727661132812e-02
3.474688529968261719e-02
3.482079505920410156e-02
3.544974327087402344e-02
3.550004959106445312e-02
3.572082519531250000e-02
3.500986099243164062e-02
3.668403625488281250e-02
3.502702713012695312e-02
3.592181205749511719e-02
3.524208068847656250e-02
3.451800346374511719e-02
3.570604324340820312e-02
3.570890426635742188e-02
3.516292572021484375e-02
3.499603271484375000e-02
3.529286384582519531e-02
3.549814224243164062e-02
3.506493568420410156e-02
3.560519218444824219e-02
3.507709503173828125e-02
3.574228286743164062e-02
3.556776046752929688e-02
3.456473350524902344e-02
3.468012809753417969e-02
3.539109230041503906e-02
3.468179702758789062e-02
3.557014465332031250e-02
3.471589088439941406e-02
3.559899330139160156e-02
3.604197502136230469e-02
3.455877304077148438e-02
3.476977348327636719e-02
3.465127944946289062e-02
3.479981422424316406e-02
3.490614891052246094e-02
3.530907630920410156e-02
3.517007827758789062e-02
3.629994392395019531e-02
3.524923324584960938e-02
3.555297851562500000e-02
3.552794456481933594e-02
3.514385223388671875e-02
3.535985946655273438e-02
3.542709350585937500e-02
3.563904762268066406e-02
3.477406501770019531e-02
3.552913665771484375e-02
3.518891334533691406e-02
3.519201278686523438e-02
3.567314147949218750e-02
3.554701805114746094e-02
3.468990325927734375e-02
3.481292724609375000e-02
3.475809097290039062e-02
3.547024726867675781e-02
3.514719009399414062e-02
3.568005561828613281e-02
3.562808036804199219e-02
3.570413589477539062e-02
3.586006164550781250e-02
3.500604629516601562e-02
3.460407257080078125e-02
3.472399711608886719e-02
3.533697128295898438e-02
3.563904762268066406e-02
3.649926185607910156e-02
3.564405441284179688e-02
3.496813774108886719e-02
3.463602066040039062e-02
3.512191772460937500e-02
3.455090522766113281e-02
3.566193580627441406e-02
3.522992134094238281e-02
3.567600250244140625e-02
3.622412681579589844e-02
3.459215164184570312e-02
3.506422042846679688e-02
3.459596633911132812e-02
3.543019294738769531e-02
3.484678268432617188e-02
3.506278991699218750e-02
3.480195999145507812e-02
3.461909294128417969e-02
3.527188301086425781e-02
3.720593452453613281e-02
3.491306304931640625e-02
3.491616249084472656e-02
3.473901748657226562e-02
3.529810905456542969e-02
3.486776351928710938e-02
3.446483612060546875e-02
3.514170646667480469e-02
3.562784194946289062e-02
3.465008735656738281e-02
3.489589691162109375e-02
3.539109230041503906e-02
3.481602668762207031e-02
3.495907783508300781e-02
3.622412681579589844e-02
3.565430641174316406e-02
3.511881828308105469e-02
3.557300567626953125e-02
3.578591346740722656e-02
3.505015373229980469e-02
3.498601913452148438e-02
3.546714782714843750e-02
3.534007072448730469e-02
3.564882278442382812e-02
3.567790985107421875e-02
3.551101684570312500e-02
3.475999832153320312e-02
3.572797775268554688e-02
3.545379638671875000e-02
3.508400917053222656e-02
3.553795814514160156e-02
3.559398651123046875e-02
3.458189964294433594e-02
3.514504432678222656e-02
3.467202186584472656e-02
3.491401672363281250e-02
3.537511825561523438e-02
3.454017639160156250e-02
3.478384017944335938e-02
3.550910949707031250e-02
3.554797172546386719e-02
3.465509414672851562e-02
3.450703620910644531e-02
3.444385528564453125e-02
3.581905364990234375e-02
3.470206260681152344e-02
3.546500205993652344e-02
3.546118736267089844e-02
3.538608551025390625e-02
3.588008880615234375e-02
3.560018539428710938e-02
3.498077392578125000e-02
3.505825996398925781e-02
3.491926193237304688e-02
3.471422195434570312e-02
3.566408157348632812e-02
3.526806831359863281e-02
3.472590446472167969e-02
3.483510017395019531e-02
3.475713729858398438e-02
3.480195999145507812e-02
3.471732139587402344e-02
3.480887413024902344e-02
3.458094596862792969e-02
3.484487533569335938e-02
3.488421440124511719e-02
3.573918342590332031e-02
3.552198410034179688e-02
3.555727005004882812e-02
3.550887107849121094e-02
3.523492813110351562e-02
3.539609909057617188e-02
3.523898124694824219e-02
3.500676155090332031e-02
3.531599044799804688e-02
3.542399406433105469e-02
3.478097915649414062e-02
3.514695167541503906e-02
3.501892089843750000e-02
3.569006919860839844e-02
3.703117370605468750e-02
3.601193428039550781e-02
3.492498397827148438e-02
3.509998321533203125e-02
3.531694412231445312e-02
3.487682342529296875e-02
3.544878959655761719e-02
3.532004356384277344e-02
3.547716140747070312e-02
3.492116928100585938e-02
3.533172607421875000e-02
3.497505187988281250e-02
3.532791137695312500e-02
3.457784652709960938e-02
3.469896316528320312e-02
3.480696678161621094e-02
3.451108932495117188e-02
3.490090370178222656e-02
3.515720367431640625e-02
3.569006919860839844e-02
3.571629524230957031e-02
3.484988212585449219e-02
3.579115867614746094e-02
3.500914573669433594e-02
3.599119186401367188e-02
3.482818603515625000e-02
3.556299209594726562e-02
3.545904159545898438e-02
3.463506698608398438e-02
3.475379943847656250e-02
3.483819961547851562e-02
3.477907180786132812e-02
3.538703918457031250e-02
3.542184829711914062e-02
3.510308265686035156e-02
3.484487533569335938e-02
3.591609001159667969e-02
3.550314903259277344e-02
3.574299812316894531e-02
3.517794609069824219e-02
3.524804115295410156e-02
3.586697578430175781e-02
3.577089309692382812e-02
3.470087051391601562e-02
3.474831581115722656e-02
3.510880470275878906e-02
3.576660156250000000e-02
3.567194938659667969e-02
3.510975837707519531e-02
3.573608398437500000e-02
3.572797775268554688e-02
3.479909896850585938e-02
3.581690788269042969e-02
3.566503524780273438e-02
3.565597534179687500e-02
3.548717498779296875e-02
3.496193885803222656e-02
3.592395782470703125e-02
3.545022010803222656e-02
3.511905670166015625e-02
3.539395332336425781e-02
3.499698638916015625e-02
3.569197654724121094e-02
3.550601005554199219e-02
3.498983383178710938e-02
3.459811210632324219e-02
3.473019599914550781e-02
3.494501113891601562e-02
3.530335426330566406e-02
3.541994094848632812e-02
3.507804870605468750e-02
3.498220443725585938e-02
3.505992889404296875e-02
3.537797927856445312e-02
3.598809242248535156e-02
3.576612472534179688e-02
3.495383262634277344e-02
3.616476058959960938e-02
3.562402725219726562e-02
3.520774841308593750e-02
3.464031219482421875e-02
3.462815284729003906e-02
3.467893600463867188e-02
3.619313240051269531e-02
3.555607795715332031e-02
3.577423095703125000e-02
3.565096855163574219e-02
3.527879714965820312e-02
3.562188148498535156e-02
3.586316108703613281e-02
3.521299362182617188e-02
3.504896163940429688e-02
3.549098968505859375e-02
3.570580482482910156e-02
3.484606742858886719e-02
3.476667404174804688e-02
3.614425659179687500e-02
3.543400764465332031e-02
3.694701194763183594e-02
3.467917442321777344e-02
3.552794456481933594e-02
3.564810752868652344e-02
3.533005714416503906e-02
3.494310379028320312e-02
3.712701797485351562e-02
3.528094291687011719e-02
3.566789627075195312e-02
3.786015510559082031e-02
3.595495223999023438e-02
3.512811660766601562e-02
3.452396392822265625e-02
3.454494476318359375e-02
3.522300720214843750e-02
3.453421592712402344e-02
3.500914573669433594e-02
3.530502319335937500e-02
3.574180603027343750e-02
3.572368621826171875e-02
3.451299667358398438e-02
3.482007980346679688e-02
3.566598892211914062e-02
3.474402427673339844e-02
3.723120689392089844e-02
3.734397888183593750e-02
3.549575805664062500e-02
3.590607643127441406e-02
3.518795967102050781e-02
3.586220741271972656e-02
3.505086898803710938e-02
3.537797927856445312e-02
3.831911087036132812e-02
3.453421592712402344e-02
3.512191772460937500e-02
3.553080558776855469e-02
3.594183921813964844e-02
3.489589691162109375e-02
3.567194938659667969e-02
3.456997871398925781e-02
4.483628273010253906e-02
3.466701507568359375e-02
4.316616058349609375e-02
3.583693504333496094e-02
3.575134277343750000e-02
3.480315208435058594e-02
3.595590591430664062e-02
3.687286376953125000e-02
3.683996200561523438e-02
3.674173355102539062e-02
3.571605682373046875e-02
3.476905822753906250e-02
3.771686553955078125e-02
3.555011749267578125e-02
3.562188148498535156e-02
3.569197654724121094e-02
3.561401367187500000e-02
3.621315956115722656e-02
3.600883483886718750e-02
3.476214408874511719e-02
3.598713874816894531e-02
3.612208366394042969e-02
3.623390197753906250e-02
3.494906425476074219e-02
3.576898574829101562e-02
3.552103042602539062e-02
3.586888313293457031e-02
3.506517410278320312e-02
3.523588180541992188e-02
3.965687751770019531e-02
3.474879264831542969e-02
3.565216064453125000e-02
3.552198410034179688e-02
3.592991828918457031e-02
3.456616401672363281e-02
3.484892845153808594e-02
3.473782539367675781e-02
3.863811492919921875e-02
3.587102890014648438e-02
3.548097610473632812e-02
3.508877754211425781e-02
3.557324409484863281e-02
3.479790687561035156e-02
3.781890869140625000e-02
3.552389144897460938e-02
3.569817543029785156e-02
3.562998771667480469e-02
3.623509407043457031e-02
3.473114967346191406e-02
3.601002693176269531e-02
3.783011436462402344e-02
3.523564338684082031e-02
3.520894050598144531e-02
3.611922264099121094e-02
3.575086593627929688e-02
3.502821922302246094e-02
3.486990928649902344e-02
3.496313095092773438e-02
3.566503524780273438e-02
3.461599349975585938e-02
3.482413291931152344e-02
3.572988510131835938e-02
3.577208518981933594e-02
3.482294082641601562e-02
3.665304183959960938e-02
3.506875038146972656e-02
3.596186637878417969e-02
3.503274917602539062e-02
3.538823127746582031e-02
3.598594665527343750e-02
3.555417060852050781e-02
3.482079505920410156e-02
3.568410873413085938e-02
3.481006622314453125e-02
3.587508201599121094e-02
3.736996650695800781e-02
3.573918342590332031e-02
3.675198554992675781e-02
3.580093383789062500e-02
3.516721725463867188e-02
3.525018692016601562e-02
3.481817245483398438e-02
3.458619117736816406e-02
3.471899032592773438e-02
3.559589385986328125e-02
3.676700592041015625e-02
3.519511222839355469e-02
3.466582298278808594e-02
3.558111190795898438e-02
3.634524345397949219e-02
3.598904609680175781e-02
3.499794006347656250e-02
3.476595878601074219e-02
3.559422492980957031e-02
3.445100784301757812e-02
3.557825088500976562e-02
3.496217727661132812e-02
3.497505187988281250e-02
3.454828262329101562e-02
3.589701652526855469e-02
3.571200370788574219e-02
3.469800949096679688e-02
3.489613533020019531e-02
3.587889671325683594e-02
3.504490852355957031e-02
3.575181961059570312e-02
3.560304641723632812e-02
3.536581993103027344e-02
3.539705276489257812e-02
3.556013107299804688e-02
3.505516052246093750e-02
3.559017181396484375e-02
3.460407257080078125e-02
3.628993034362792969e-02
3.663802146911621094e-02
3.575897216796875000e-02
3.583574295043945312e-02
3.571605682373046875e-02
3.482913970947265625e-02
3.560185432434082031e-02
3.564596176147460938e-02
3.515815734863281250e-02
3.584694862365722656e-02
3.562498092651367188e-02
3.506088256835937500e-02
3.556203842163085938e-02
3.500533103942871094e-02
3.515577316284179688e-02
3.471374511718750000e-02
3.545093536376953125e-02
3.549695014953613281e-02
3.555297851562500000e-02
3.511095046997070312e-02
3.461313247680664062e-02
3.683900833129882812e-02
3.588986396789550781e-02
3.523087501525878906e-02
3.478407859802246094e-02
3.612899780273437500e-02
3.644704818725585938e-02
3.569793701171875000e-02
3.503489494323730469e-02
3.490424156188964844e-02
3.451013565063476562e-02
3.596329689025878906e-02
3.492403030395507812e-02
3.536987304687500000e-02
3.644108772277832031e-02
3.472280502319335938e-02
3.485703468322753906e-02
3.503918647766113281e-02
3.461480140686035156e-02
3.453302383422851562e-02
3.561401367187500000e-02
3.496909141540527344e-02
3.610205650329589844e-02
3.467488288879394531e-02
3.476715087890625000e-02
3.493881225585937500e-02
3.491902351379394531e-02
3.567504882812500000e-02
3.493976593017578125e-02
3.567790985107421875e-02
3.641176223754882812e-02
3.640604019165039062e-02
3.596210479736328125e-02
3.481316566467285156e-02
3.491592407226562500e-02
3.570103645324707031e-02
3.512716293334960938e-02
3.468084335327148438e-02
3.540897369384765625e-02
3.453707695007324219e-02
3.454422950744628906e-02
3.942394256591796875e-02
3.454995155334472656e-02
3.454327583312988281e-02
3.590202331542968750e-02
3.468012809753417969e-02
3.478503227233886719e-02
3.562283515930175781e-02
3.548789024353027344e-02
3.577923774719238281e-02
3.479599952697753906e-02
3.478121757507324219e-02
3.463029861450195312e-02
3.558397293090820312e-02
3.474283218383789062e-02
3.566503524780273438e-02
3.566288948059082031e-02
3.523015975952148438e-02
3.525471687316894531e-02
3.619503974914550781e-02
3.542089462280273438e-02
3.480505943298339844e-02
3.477287292480468750e-02
3.557801246643066406e-02
3.505206108093261719e-02
3.514599800109863281e-02
3.561401367187500000e-02
3.492212295532226562e-02
3.550386428833007812e-02
3.575015068054199219e-02
3.494977951049804688e-02
3.511810302734375000e-02
3.558993339538574219e-02
3.536415100097656250e-02
3.454113006591796875e-02
3.602790832519531250e-02
3.502106666564941406e-02
3.985905647277832031e-02
3.736495971679687500e-02
3.519082069396972656e-02
4.185605049133300781e-02
3.525924682617187500e-02
3.618168830871582031e-02
3.503012657165527344e-02
3.614115715026855469e-02
3.495502471923828125e-02
3.543996810913085938e-02
3.746724128723144531e-02
3.550004959106445312e-02
3.499579429626464844e-02
3.472828865051269531e-02
3.576707839965820312e-02
3.573107719421386719e-02
3.543686866760253906e-02
3.562402725219726562e-02
3.540992736816406250e-02
3.460121154785156250e-02
3.467798233032226562e-02
3.556299209594726562e-02
3.565907478332519531e-02
3.523683547973632812e-02
3.478407859802246094e-02
3.509688377380371094e-02
3.486108779907226562e-02
3.471899032592773438e-02
3.456020355224609375e-02
3.545904159545898438e-02
3.483080863952636719e-02
3.576207160949707031e-02
3.549695014953613281e-02
3.464889526367187500e-02
3.546071052551269531e-02
3.462195396423339844e-02
3.559112548828125000e-02
3.549599647521972656e-02
3.494405746459960938e-02
3.630590438842773438e-02
3.476905822753906250e-02
3.466081619262695312e-02
3.834390640258789062e-02
3.465580940246582031e-02
3.473377227783203125e-02
3.514790534973144531e-02
3.518915176391601562e-02
3.485393524169921875e-02
3.492307662963867188e-02
3.551697731018066406e-02
3.481793403625488281e-02
3.728890419006347656e-02
3.644490242004394531e-02
3.542923927307128906e-02
3.527188301086425781e-02
3.551673889160156250e-02
3.557205200195312500e-02
3.524184226989746094e-02
3.583073616027832031e-02
3.482604026794433594e-02
3.497385978698730469e-02
3.509306907653808594e-02
3.494715690612792969e-02
3.522872924804687500e-02
3.481292724609375000e-02
3.554773330688476562e-02
3.501105308532714844e-02
3.499078750610351562e-02
3.502011299133300781e-02
3.565883636474609375e-02
3.467607498168945312e-02
3.458118438720703125e-02
3.564095497131347656e-02
3.539085388183593750e-02
3.459620475769042969e-02
3.550004959106445312e-02
3.494977951049804688e-02
3.553009033203125000e-02
3.503394126892089844e-02
3.503084182739257812e-02
3.563380241394042969e-02
3.545308113098144531e-02
3.575706481933593750e-02
3.526186943054199219e-02
3.559327125549316406e-02
3.570795059204101562e-02
3.469228744506835938e-02
3.581690788269042969e-02
3.507256507873535156e-02
3.597211837768554688e-02
3.508377075195312500e-02
3.511691093444824219e-02
3.455495834350585938e-02
3.495812416076660156e-02
3.584313392639160156e-02
3.499126434326171875e-02
3.560495376586914062e-02
3.458499908447265625e-02
3.576111793518066406e-02
3.522896766662597656e-02
3.466701507568359375e-02
3.545308113098144531e-02
3.467416763305664062e-02
3.471016883850097656e-02
3.550624847412109375e-02
3.494596481323242188e-02
3.452515602111816406e-02
3.510618209838867188e-02
3.491091728210449219e-02
3.483915328979492188e-02
3.558516502380371094e-02
3.455305099487304688e-02
3.466916084289550781e-02
3.450608253479003906e-02
3.551578521728515625e-02
3.561592102050781250e-02
3.478908538818359375e-02
3.490781784057617188e-02
3.472995758056640625e-02
3.547501564025878906e-02
3.547024726867675781e-02
3.454327583312988281e-02
3.724908828735351562e-02
3.454375267028808594e-02
3.470802307128906250e-02
3.615808486938476562e-02
3.477907180786132812e-02
3.516697883605957031e-02
3.478407859802246094e-02
3.551292419433593750e-02
3.514599800109863281e-02
3.547811508178710938e-02
3.551793098449707031e-02
3.500127792358398438e-02
3.477191925048828125e-02
3.550076484680175781e-02
3.481602668762207031e-02
3.561019897460937500e-02
3.531980514526367188e-02
3.578901290893554688e-02
3.553986549377441406e-02
3.472614288330078125e-02
3.500318527221679688e-02
3.504824638366699219e-02
3.588771820068359375e-02
3.484487533569335938e-02
3.540611267089843750e-02
3.469896316528320312e-02
3.547596931457519531e-02
3.469586372375488281e-02
3.456306457519531250e-02
3.544282913208007812e-02
3.551387786865234375e-02
3.451204299926757812e-02
3.467321395874023438e-02
3.560400009155273438e-02
3.550791740417480469e-02
3.444504737854003906e-02
3.554391860961914062e-02
3.472590446472167969e-02
3.561401367187500000e-02
3.486108779907226562e-02
3.495502471923828125e-02
3.553581237792968750e-02
3.475403785705566406e-02
3.524208068847656250e-02
3.491091728210449219e-02
3.461003303527832031e-02
3.481602668762207031e-02
3.571605682373046875e-02
3.550481796264648438e-02
3.562092781066894531e-02
3.546214103698730469e-02
3.510999679565429688e-02
3.622603416442871094e-02
3.457999229431152344e-02
3.498697280883789062e-02
3.575134277343750000e-02
3.566908836364746094e-02
3.480100631713867188e-02
3.468394279479980469e-02
3.569388389587402344e-02
3.620505332946777344e-02
3.465509414672851562e-02
3.650426864624023438e-02
3.520703315734863281e-02
3.543305397033691406e-02
3.472590446472167969e-02
3.456902503967285156e-02
3.499794006347656250e-02
3.547000885009765625e-02
3.542518615722656250e-02
3.495216369628906250e-02
3.487777709960937500e-02
3.550100326538085938e-02
3.571701049804687500e-02
3.498220443725585938e-02
3.480672836303710938e-02
3.556704521179199219e-02
3.554463386535644531e-02
3.554320335388183594e-02
3.561091423034667969e-02
3.467297554016113281e-02
3.541398048400878906e-02
3.579020500183105469e-02
3.469228744506835938e-02
3.540110588073730469e-02
3.480505943298339844e-02
3.549575805664062500e-02
3.536987304687500000e-02
3.542709350585937500e-02
3.616690635681152344e-02
3.486204147338867188e-02
3.472805023193359375e-02
3.466391563415527344e-02
3.465485572814941406e-02
3.556084632873535156e-02
3.490209579467773438e-02
3.494000434875488281e-02
3.474307060241699219e-02
3.618311882019042969e-02
3.537988662719726562e-02
3.511905670166015625e-02
3.554773330688476562e-02
3.552007675170898438e-02
3.517603874206542969e-02
3.477883338928222656e-02
3.520011901855468750e-02
3.528904914855957031e-02
3.557300567626953125e-02
3.521513938903808594e-02
3.528904914855957031e-02
3.496885299682617188e-02
4.296302795410156250e-02
3.548121452331542969e-02
3.461885452270507812e-02
3.460502624511718750e-02
3.546190261840820312e-02
3.473520278930664062e-02
3.466916084289550781e-02
3.510093688964843750e-02
3.504896163940429688e-02
3.506994247436523438e-02
3.460192680358886719e-02
3.466200828552246094e-02
3.558516502380371094e-02
3.484535217285156250e-02
3.467512130737304688e-02
3.463673591613769531e-02
3.546094894409179688e-02
3.509092330932617188e-02
3.556799888610839844e-02
3.462600708007812500e-02
3.511023521423339844e-02
3.474521636962890625e-02
3.457593917846679688e-02
3.533601760864257812e-02
3.599619865417480469e-02
3.460693359375000000e-02
3.558588027954101562e-02
3.474998474121093750e-02
3.489995002746582031e-02
3.517699241638183594e-02
3.477811813354492188e-02
3.584098815917968750e-02
3.454303741455078125e-02
3.591704368591308594e-02
3.523993492126464844e-02
3.503227233886718750e-02
3.541707992553710938e-02
3.475904464721679688e-02
3.473281860351562500e-02
3.655433654785156250e-02
3.485798835754394531e-02
3.535485267639160156e-02
3.482818603515625000e-02
3.546428680419921875e-02
3.487801551818847656e-02
3.536581993103027344e-02
3.537893295288085938e-02
3.452706336975097656e-02
3.568196296691894531e-02
3.494215011596679688e-02
3.471016883850097656e-02
3.547811508178710938e-02
3.518414497375488281e-02
3.460979461669921875e-02
3.580594062805175781e-02
3.454589843750000000e-02
3.544497489929199219e-02
3.581380844116210938e-02
3.461694717407226562e-02
3.556394577026367188e-02
3.471994400024414062e-02
3.472089767456054688e-02
3.492903709411621094e-02
3.468275070190429688e-02
3.464484214782714844e-02
3.519225120544433594e-02
3.564691543579101562e-02
3.455781936645507812e-02
3.474092483520507812e-02
3.538322448730468750e-02
3.475093841552734375e-02
3.568291664123535156e-02
3.470206260681152344e-02
3.573989868164062500e-02
3.686809539794921875e-02
3.485202789306640625e-02
3.572010993957519531e-02
3.444027900695800781e-02
3.522419929504394531e-02
3.536391258239746094e-02
3.550577163696289062e-02
3.519988059997558594e-02
3.477311134338378906e-02
3.509402275085449219e-02
3.567790985107421875e-02
3.459286689758300781e-02
3.510189056396484375e-02
3.471112251281738281e-02
3.507018089294433594e-02
3.506708145141601562e-02
3.468370437622070312e-02
3.469491004943847656e-02
3.574204444885253906e-02
3.546333312988281250e-02
3.485298156738281250e-02
3.467702865600585938e-02
3.546476364135742188e-02
3.430604934692382812e-02
3.453230857849121094e-02
3.510284423828125000e-02
3.523564338684082031e-02
3.536391258239746094e-02
3.448915481567382812e-02
3.534531593322753906e-02
3.436303138732910156e-02
3.528690338134765625e-02
3.420495986938476562e-02
3.449797630310058594e-02
3.477883338928222656e-02
3.468894958496093750e-02
3.441786766052246094e-02
3.476786613464355469e-02
3.521800041198730469e-02
3.448104858398437500e-02
3.517293930053710938e-02
3.436279296875000000e-02
3.434419631958007812e-02
3.522086143493652344e-02
3.426790237426757812e-02
3.527188301086425781e-02
3.468084335327148438e-02
3.511714935302734375e-02
3.541803359985351562e-02
3.540825843811035156e-02
3.540587425231933594e-02
3.525090217590332031e-02
3.461980819702148438e-02
3.446888923645019531e-02
3.467988967895507812e-02
3.506588935852050781e-02
3.439807891845703125e-02
3.534483909606933594e-02
3.529405593872070312e-02
3.438401222229003906e-02
3.456401824951171875e-02
3.526115417480468750e-02
3.516793251037597656e-02
3.498125076293945312e-02
3.533387184143066406e-02
3.519988059997558594e-02
3.522205352783203125e-02
3.527998924255371094e-02
3.433108329772949219e-02
3.431510925292968750e-02
3.434085845947265625e-02
3.445005416870117188e-02
3.439378738403320312e-02
3.551006317138671875e-02
3.454375267028808594e-02
3.521418571472167969e-02
3.530526161193847656e-02
3.513097763061523438e-02
3.615212440490722656e-02
3.448128700256347656e-02
3.544807434082031250e-02
3.617596626281738281e-02
3.870487213134765625e-02
3.544306755065917969e-02
3.456497192382812500e-02
3.523206710815429688e-02
3.524088859558105469e-02
3.433704376220703125e-02
3.531908988952636719e-02
3.537106513977050781e-02
3.463196754455566406e-02
3.616476058959960938e-02
3.433704376220703125e-02
3.519105911254882812e-02
3.532004356384277344e-02
3.517103195190429688e-02
3.438901901245117188e-02
3.469109535217285156e-02
3.454017639160156250e-02
3.480696678161621094e-02
3.519201278686523438e-02
3.519105911254882812e-02
3.508305549621582031e-02
3.523874282836914062e-02
3.476810455322265625e-02
3.441786766052246094e-02
3.493928909301757812e-02
3.481864929199218750e-02
3.518295288085937500e-02
3.460311889648437500e-02
3.517198562622070312e-02
3.431510925292968750e-02
3.527665138244628906e-02
3.439426422119140625e-02
3.526186943054199219e-02
3.482294082641601562e-02
3.497314453125000000e-02
3.621196746826171875e-02
3.448796272277832031e-02
3.422403335571289062e-02
3.431892395019531250e-02
3.440093994140625000e-02
3.463029861450195312e-02
3.444886207580566406e-02
3.542828559875488281e-02
3.523612022399902344e-02
3.547883033752441406e-02
3.471088409423828125e-02
3.530001640319824219e-02
3.528881072998046875e-02
3.422689437866210938e-02
3.680372238159179688e-02
3.456997871398925781e-02
3.425598144531250000e-02
3.532814979553222656e-02
3.519392013549804688e-02
3.650212287902832031e-02
3.531193733215332031e-02
3.524088859558105469e-02
3.452396392822265625e-02
3.535580635070800781e-02
3.500604629516601562e-02
3.525590896606445312e-02
3.436803817749023438e-02
3.530097007751464844e-02
3.462195396423339844e-02
3.568220138549804688e-02
3.444600105285644531e-02
3.457117080688476562e-02
3.527116775512695312e-02
3.524303436279296875e-02
3.546190261840820312e-02
3.449606895446777344e-02
3.493189811706542969e-02
3.534603118896484375e-02
3.438591957092285156e-02
3.510808944702148438e-02
3.441715240478515625e-02
3.441572189331054688e-02
3.482985496520996094e-02
3.526234626770019531e-02
3.476095199584960938e-02
3.486490249633789062e-02
3.528809547424316406e-02
3.530502319335937500e-02
3.504371643066406250e-02
3.554916381835937500e-02
3.464794158935546875e-02
3.531098365783691406e-02
3.446698188781738281e-02
3.485822677612304688e-02
3.523993492126464844e-02
3.639793395996093750e-02
3.476095199584960938e-02
3.655600547790527344e-02
3.537893295288085938e-02
3.537583351135253906e-02
3.449296951293945312e-02
3.514218330383300781e-02
3.464889526367187500e-02
3.529429435729980469e-02
3.419280052185058594e-02
3.459215164184570312e-02
3.434681892395019531e-02
3.526973724365234375e-02
3.540825843811035156e-02
3.524303436279296875e-02
3.523397445678710938e-02
3.674221038818359375e-02
3.436398506164550781e-02
3.527808189392089844e-02
3.462100028991699219e-02
3.523802757263183594e-02
3.606033325195312500e-02
3.468728065490722656e-02
3.531599044799804688e-02
3.463506698608398438e-02
3.633904457092285156e-02
3.445982933044433594e-02
3.439807891845703125e-02
3.517699241638183594e-02
3.483581542968750000e-02
3.470706939697265625e-02
3.491401672363281250e-02
3.430891036987304688e-02
3.533792495727539062e-02
3.544712066650390625e-02
3.428697586059570312e-02
3.484582901000976562e-02
3.452205657958984375e-02
3.461217880249023438e-02
3.477668762207031250e-02
3.461003303527832031e-02
3.464698791503906250e-02
3.460884094238281250e-02
3.612112998962402344e-02
3.451085090637207031e-02
3.523492813110351562e-02
3.539180755615234375e-02
3.527021408081054688e-02
3.515076637268066406e-02
3.445506095886230469e-02
3.506779670715332031e-02
3.488397598266601562e-02
3.484821319580078125e-02
3.439998626708984375e-02
3.558182716369628906e-02
3.451013565063476562e-02
3.526616096496582031e-02
3.532433509826660156e-02
3.429603576660156250e-02
3.532290458679199219e-02
3.468489646911621094e-02
3.465223312377929688e-02
3.436732292175292969e-02
3.508925437927246094e-02
4.230809211730957031e-02
3.450894355773925781e-02
3.536105155944824219e-02
3.479099273681640625e-02
3.527498245239257812e-02
3.451490402221679688e-02
3.542518615722656250e-02
3.488779067993164062e-02
3.589224815368652344e-02
3.528213500976562500e-02
3.484296798706054688e-02
3.517103195190429688e-02
3.462982177734375000e-02
3.554797172546386719e-02
3.462409973144531250e-02
3.480434417724609375e-02
3.482699394226074219e-02
3.503894805908203125e-02
3.425025939941406250e-02
3.526115417480468750e-02
3.494310379028320312e-02
3.554892539978027344e-02
3.434872627258300781e-02
3.519415855407714844e-02
3.536820411682128906e-02
3.451108932495117188e-02
3.443598747253417969e-02
3.528904914855957031e-02
3.448963165283203125e-02
3.533101081848144531e-02
3.433704376220703125e-02
3.475189208984375000e-02
3.479909896850585938e-02
3.499794006347656250e-02
3.493285179138183594e-02
3.446078300476074219e-02
3.468894958496093750e-02
3.472399711608886719e-02
3.499984741210937500e-02
3.523826599121093750e-02
3.468298912048339844e-02
3.529500961303710938e-02
3.609895706176757812e-02
3.452324867248535156e-02
3.469395637512207031e-02
3.556418418884277344e-02
3.533792495727539062e-02
3.467416763305664062e-02
3.480815887451171875e-02
3.459405899047851562e-02
3.693795204162597656e-02
3.468704223632812500e-02
3.519821166992187500e-02
3.534674644470214844e-02
3.485918045043945312e-02
3.512907028198242188e-02
3.535699844360351562e-02
3.486204147338867188e-02
3.448820114135742188e-02
3.505086898803710938e-02
3.442096710205078125e-02
3.485679626464843750e-02
3.436517715454101562e-02
3.527975082397460938e-02
3.522825241088867188e-02
3.541898727416992188e-02
3.530120849609375000e-02
3.529524803161621094e-02
3.530597686767578125e-02
3.496813774108886719e-02
3.438210487365722656e-02
3.464984893798828125e-02
3.425097465515136719e-02
3.428292274475097656e-02
3.515720367431640625e-02
3.577327728271484375e-02
3.527688980102539062e-02
3.513312339782714844e-02
3.506398200988769531e-02
3.424906730651855469e-02
3.529500961303710938e-02
3.434920310974121094e-02
3.524994850158691406e-02
3.502583503723144531e-02
3.485512733459472656e-02
3.469276428222656250e-02
3.531217575073242188e-02
3.440308570861816406e-02
3.460407257080078125e-02
3.524398803710937500e-02
3.528380393981933594e-02
3.533577919006347656e-02
3.513383865356445312e-02
3.533315658569335938e-02
3.434205055236816406e-02
3.461408615112304688e-02
3.535604476928710938e-02
3.495097160339355469e-02
3.502106666564941406e-02
3.498291969299316406e-02
3.464317321777343750e-02
3.433585166931152344e-02
3.531479835510253906e-02
3.529000282287597656e-02
3.527188301086425781e-02
3.549385070800781250e-02
3.540086746215820312e-02
3.526282310485839844e-02
3.443503379821777344e-02
3.437280654907226562e-02
3.436589241027832031e-02
3.440308570861816406e-02
3.535199165344238281e-02
3.447699546813964844e-02
3.586792945861816406e-02
3.454494476318359375e-02
3.536486625671386719e-02
3.510594367980957031e-02
3.469800949096679688e-02
3.541493415832519531e-02
3.523826599121093750e-02
3.507685661315917969e-02
3.456211090087890625e-02
3.428697586059570312e-02
3.508496284484863281e-02
3.480219841003417969e-02
3.470897674560546875e-02
3.506994247436523438e-02
3.461289405822753906e-02
3.453803062438964844e-02
3.457474708557128906e-02
3.449392318725585938e-02
3.443193435668945312e-02
3.567790985107421875e-02
3.455710411071777344e-02
3.533315658569335938e-02
3.489589691162109375e-02
3.834509849548339844e-02
3.450083732604980469e-02
3.538727760314941406e-02
3.543186187744140625e-02
3.917431831359863281e-02
3.527903556823730469e-02
3.454113006591796875e-02
3.746485710144042969e-02
3.520464897155761719e-02
3.536605834960937500e-02
3.427696228027343750e-02
3.529810905456542969e-02
3.592276573181152344e-02
3.528904914855957031e-02
3.437113761901855469e-02
3.451323509216308594e-02
3.492879867553710938e-02
3.562092781066894531e-02
3.622508049011230469e-02
3.440999984741210938e-02
3.492784500122070312e-02
3.472900390625000000e-02
3.526616096496582031e-02
3.616476058959960938e-02
3.446006774902343750e-02
3.458404541015625000e-02
3.447723388671875000e-02
3.522515296936035156e-02
3.534293174743652344e-02
3.569197654724121094e-02
3.548312187194824219e-02
3.451418876647949219e-02
3.535199165344238281e-02
3.551101684570312500e-02
3.531503677368164062e-02
3.545403480529785156e-02
3.468489646911621094e-02
3.596997261047363281e-02
3.459620475769042969e-02
3.442192077636718750e-02
3.504180908203125000e-02
3.490209579467773438e-02
3.440284729003906250e-02
3.448295593261718750e-02
3.491806983947753906e-02
3.499388694763183594e-02
3.731608390808105469e-02
3.530502319335937500e-02
3.638792037963867188e-02
3.529310226440429688e-02
3.532195091247558594e-02
3.490877151489257812e-02
3.527021408081054688e-02
3.443098068237304688e-02
3.513813018798828125e-02
3.618288040161132812e-02
3.552293777465820312e-02
3.456687927246093750e-02
3.519201278686523438e-02
3.579330444335937500e-02
3.446602821350097656e-02
3.434801101684570312e-02
3.994178771972656250e-02
3.520989418029785156e-02
3.626704216003417969e-02
3.525209426879882812e-02
3.483200073242187500e-02
3.463411331176757812e-02
3.528404235839843750e-02
3.560209274291992188e-02
3.479194641113281250e-02
3.461885452270507812e-02
3.484702110290527344e-02
3.438401222229003906e-02
3.536319732666015625e-02
3.459811210632324219e-02
3.426694869995117188e-02
3.479790687561035156e-02
3.575515747070312500e-02
3.552198410034179688e-02
3.442788124084472656e-02
5.320811271667480469e-02
3.480672836303710938e-02
3.503823280334472656e-02
3.578019142150878906e-02
3.500175476074218750e-02
3.475618362426757812e-02
3.529214859008789062e-02
3.468894958496093750e-02
3.459000587463378906e-02
3.538703918457031250e-02
3.424906730651855469e-02
3.524398803710937500e-02
3.466486930847167969e-02
3.477215766906738281e-02
3.440380096435546875e-02
3.525876998901367188e-02
3.431773185729980469e-02
3.520607948303222656e-02
3.465080261230468750e-02
3.567790985107421875e-02
3.532004356384277344e-02
3.487205505371093750e-02
3.557085990905761719e-02
3.542113304138183594e-02
3.538799285888671875e-02
3.554296493530273438e-02
3.463864326477050781e-02
3.531599044799804688e-02
3.488993644714355469e-02
3.545904159545898438e-02
3.481101989746093750e-02
3.465414047241210938e-02
3.463602066040039062e-02
3.489279747009277344e-02
3.459811210632324219e-02
3.644990921020507812e-02
3.526902198791503906e-02
3.526210784912109375e-02
3.536701202392578125e-02
3.555989265441894531e-02
3.432297706604003906e-02
3.480601310729980469e-02
3.444385528564453125e-02
3.448915481567382812e-02
3.461408615112304688e-02
3.500580787658691406e-02
3.540229797363281250e-02
3.461503982543945312e-02
3.460001945495605469e-02
3.484106063842773438e-02
3.456091880798339844e-02
3.434705734252929688e-02
3.529405593872070312e-02
3.487896919250488281e-02
3.526806831359863281e-02
3.593802452087402344e-02
3.464698791503906250e-02
3.535103797912597656e-02
3.459501266479492188e-02
3.689599037170410156e-02
3.481388092041015625e-02
3.526592254638671875e-02
3.532600402832031250e-02
3.506517410278320312e-02
3.531599044799804688e-02
3.425383567810058594e-02
3.498101234436035156e-02
3.450512886047363281e-02
3.519296646118164062e-02
3.440499305725097656e-02
3.531193733215332031e-02
3.534197807312011719e-02
3.454303741455078125e-02
3.478789329528808594e-02
3.440093994140625000e-02
3.460526466369628906e-02
3.457021713256835938e-02
3.517007827758789062e-02
3.472685813903808594e-02
3.446507453918457031e-02
3.454494476318359375e-02
3.503417968750000000e-02
3.537917137145996094e-02
3.480005264282226562e-02
3.460574150085449219e-02
3.457188606262207031e-02
3.445792198181152344e-02
3.618407249450683594e-02
3.553986549377441406e-02
3.430223464965820312e-02
3.437590599060058594e-02
3.512406349182128906e-02
3.521203994750976562e-02
3.488922119140625000e-02
3.427600860595703125e-02
3.572511672973632812e-02
3.540015220642089844e-02
3.435492515563964844e-02
3.477001190185546875e-02
3.438186645507812500e-02
3.427410125732421875e-02
3.447508811950683594e-02
3.530693054199218750e-02
3.619694709777832031e-02
3.531908988952636719e-02
3.527903556823730469e-02
3.535914421081542969e-02
3.446388244628906250e-02
3.526878356933593750e-02
3.501009941101074219e-02
3.526115417480468750e-02
3.496599197387695312e-02
3.444600105285644531e-02
3.475499153137207031e-02
3.532791137695312500e-02
3.445196151733398438e-02
3.446388244628906250e-02
3.508925437927246094e-02
3.518915176391601562e-02
3.468799591064453125e-02
3.506302833557128906e-02
3.535795211791992188e-02
3.497815132141113281e-02
3.469610214233398438e-02
3.510093688964843750e-02
3.436684608459472656e-02
3.547787666320800781e-02
3.448009490966796875e-02
3.520011901855468750e-02
3.444504737854003906e-02
3.496384620666503906e-02
3.536295890808105469e-02
3.514981269836425781e-02
3.521203994750976562e-02
3.529810905456542969e-02
3.671288490295410156e-02
3.464770317077636719e-02
3.544211387634277344e-02
3.522515296936035156e-02
3.539085388183593750e-02
3.454995155334472656e-02
3.474593162536621094e-02
3.438878059387207031e-02
3.619194030761718750e-02
3.529119491577148438e-02
3.535676002502441406e-02
3.529071807861328125e-02
3.539490699768066406e-02
3.523612022399902344e-02
3.464722633361816406e-02
3.547024726867675781e-02
3.441095352172851562e-02
3.520321846008300781e-02
3.503489494323730469e-02
3.439402580261230469e-02
3.556203842163085938e-02
3.595495223999023438e-02
3.506302833557128906e-02
3.535795211791992188e-02
3.510808944702148438e-02
3.442406654357910156e-02
3.469705581665039062e-02
3.442192077636718750e-02
3.561401367187500000e-02
3.527402877807617188e-02
3.426504135131835938e-02
3.429913520812988281e-02
3.447389602661132812e-02
3.564119338989257812e-02
3.520202636718750000e-02
3.454494476318359375e-02
3.453779220581054688e-02
3.450703620910644531e-02
3.498172760009765625e-02
3.543925285339355469e-02
3.438115119934082031e-02
3.438186645507812500e-02
3.481411933898925781e-02
3.430700302124023438e-02
3.506994247436523438e-02
3.472423553466796875e-02
3.525924682617187500e-02
3.535485267639160156e-02
3.441095352172851562e-02
3.516793251037597656e-02
3.483700752258300781e-02
3.473210334777832031e-02
3.433799743652343750e-02
3.436231613159179688e-02
3.515815734863281250e-02
3.541707992553710938e-02
3.453516960144042969e-02
3.544020652770996094e-02
3.525614738464355469e-02
3.556990623474121094e-02
3.490090370178222656e-02
3.517818450927734375e-02
3.465580940246582031e-02
3.442692756652832031e-02
3.525185585021972656e-02
3.448891639709472656e-02
3.437089920043945312e-02
3.541803359985351562e-02
3.536009788513183594e-02
3.539490699768066406e-02
3.467297554016113281e-02
3.522515296936035156e-02
3.531622886657714844e-02
3.464317321777343750e-02
3.526306152343750000e-02
3.525972366333007812e-02
3.453612327575683594e-02
3.454780578613281250e-02
3.462100028991699219e-02
3.537583351135253906e-02
3.544712066650390625e-02
3.421592712402343750e-02
3.729319572448730469e-02
3.437304496765136719e-02
3.530216217041015625e-02
3.436493873596191406e-02
3.576111793518066406e-02
3.612589836120605469e-02
3.454518318176269531e-02
3.492808341979980469e-02
3.540706634521484375e-02
3.468680381774902344e-02
3.501081466674804688e-02
3.538799285888671875e-02
3.475189208984375000e-02
3.461217880249023438e-02
3.537917137145996094e-02
3.463006019592285156e-02
3.531098365783691406e-02
3.509402275085449219e-02
3.435325622558593750e-02
3.547525405883789062e-02
3.581476211547851562e-02
3.787994384765625000e-02
3.474402427673339844e-02
3.535103797912597656e-02
3.447604179382324219e-02
3.527283668518066406e-02
3.460407257080078125e-02
3.424000740051269531e-02
3.526496887207031250e-02
3.543925285339355469e-02
3.442907333374023438e-02
3.440785408020019531e-02
3.521895408630371094e-02
3.451609611511230469e-02
3.464293479919433594e-02
3.491902351379394531e-02
3.526091575622558594e-02
3.543519973754882812e-02
3.524422645568847656e-02
3.524088859558105469e-02
3.431415557861328125e-02
3.522610664367675781e-02
3.545308113098144531e-02
3.525781631469726562e-02
3.531312942504882812e-02
3.453516960144042969e-02
3.437614440917968750e-02
3.453993797302246094e-02
3.435206413269042969e-02
3.446722030639648438e-02
3.470683097839355469e-02
3.451800346374511719e-02
3.452277183532714844e-02
3.532695770263671875e-02
3.511285781860351562e-02
3.545403480529785156e-02
3.470802307128906250e-02
3.635096549987792969e-02
3.504800796508789062e-02
3.535175323486328125e-02
3.468489646911621094e-02
3.496885299682617188e-02
3.538632392883300781e-02
3.541278839111328125e-02
3.654980659484863281e-02
3.530335426330566406e-02
3.548121452331542969e-02
3.427100181579589844e-02
3.624820709228515625e-02
3.510808944702148438e-02
3.534197807312011719e-02
3.442096710205078125e-02
3.503513336181640625e-02
3.523707389831542969e-02
3.531098365783691406e-02
3.444004058837890625e-02
3.480505943298339844e-02
3.444290161132812500e-02
3.519296646118164062e-02
3.532004356384277344e-02
3.524184226989746094e-02
3.543019294738769531e-02
3.460025787353515625e-02
3.522896766662597656e-02
3.465485572814941406e-02
3.458499908447265625e-02
3.484606742858886719e-02
3.531336784362792969e-02
3.533792495727539062e-02
3.556013107299804688e-02
3.451085090637207031e-02
3.504371643066406250e-02
3.535079956054687500e-02
3.570008277893066406e-02
3.544402122497558594e-02
3.549098968505859375e-02
3.522777557373046875e-02
3.539013862609863281e-02
3.535103797912597656e-02
3.450703620910644531e-02
3.442668914794921875e-02
3.522896766662597656e-02
3.537368774414062500e-02
3.505992889404296875e-02
3.523516654968261719e-02
3.456902503967285156e-02
3.505110740661621094e-02
3.435397148132324219e-02
3.529095649719238281e-02
3.562784194946289062e-02
3.476786613464355469e-02
3.437304496765136719e-02
3.536105155944824219e-02
3.444623947143554688e-02
3.440475463867187500e-02
3.432083129882812500e-02
3.449821472167968750e-02
3.526401519775390625e-02
3.536510467529296875e-02
3.448796272277832031e-02
3.527498245239257812e-02
3.528380393981933594e-02
3.537511825561523438e-02
3.548383712768554688e-02
3.529500961303710938e-02
3.554701805114746094e-02
3.494405746459960938e-02
3.537106513977050781e-02
3.490304946899414062e-02
3.444981575012207031e-02
3.530812263488769531e-02
3.423023223876953125e-02
3.503417968750000000e-02
3.507995605468750000e-02
3.490805625915527344e-02
3.524804115295410156e-02
3.437590599060058594e-02
3.513097763061523438e-02
3.765487670898437500e-02
3.424000740051269531e-02
3.500509262084960938e-02
3.461503982543945312e-02
3.555798530578613281e-02
3.442502021789550781e-02
3.431200981140136719e-02
3.487277030944824219e-02
3.436613082885742188e-02
3.528904914855957031e-02
3.428292274475097656e-02
3.439688682556152344e-02
3.471302986145019531e-02
3.441214561462402344e-02
3.534293174743652344e-02
3.528714179992675781e-02
3.516697883605957031e-02
3.480601310729980469e-02
3.468203544616699219e-02
3.475880622863769531e-02
3.546500205993652344e-02
3.530788421630859375e-02
3.476905822753906250e-02
3.466796875000000000e-02
3.535103797912597656e-02
3.504204750061035156e-02
3.530001640319824219e-02
3.501200675964355469e-02
3.482699394226074219e-02
3.429985046386718750e-02
3.601408004760742188e-02
3.534197807312011719e-02
3.610086441040039062e-02
3.443717956542968750e-02
3.534984588623046875e-02
3.557014465332031250e-02
3.418087959289550781e-02
3.445005416870117188e-02
3.531813621520996094e-02
3.536987304687500000e-02
3.450798988342285156e-02
3.467702865600585938e-02
3.443694114685058594e-02
3.494811058044433594e-02
4.211711883544921875e-02
3.442311286926269531e-02
3.787493705749511719e-02
3.508901596069335938e-02
3.424167633056640625e-02
3.470516204833984375e-02
3.478622436523437500e-02
3.431510925292968750e-02
3.543615341186523438e-02
3.496694564819335938e-02
3.543281555175781250e-02
3.462815284729003906e-02
4.661583900451660156e-02
3.439116477966308594e-02
3.553414344787597656e-02
3.559207916259765625e-02
3.521585464477539062e-02
3.448104858398437500e-02
3.457903861999511719e-02
3.530216217041015625e-02
3.552484512329101562e-02
3.440618515014648438e-02
3.461790084838867188e-02
3.533577919006347656e-02
3.541922569274902344e-02
3.516197204589843750e-02
3.544712066650390625e-02
3.517889976501464844e-02
3.549599647521972656e-02
3.445100784301757812e-02
3.528094291687011719e-02
3.525209426879882812e-02
3.529286384582519531e-02
3.527879714965820312e-02
3.606486320495605469e-02
3.460097312927246094e-02
3.463888168334960938e-02
3.438591957092285156e-02
3.521275520324707031e-02
3.530716896057128906e-02
3.481864929199218750e-02
3.535103797912597656e-02
3.432488441467285156e-02
3.444719314575195312e-02
3.547382354736328125e-02
3.434610366821289062e-02
3.710603713989257812e-02
3.518223762512207031e-02
3.528714179992675781e-02
3.505825996398925781e-02
3.485798835754394531e-02
3.438496589660644531e-02
3.515505790710449219e-02
3.607392311096191406e-02
3.519177436828613281e-02
3.534889221191406250e-02
3.530025482177734375e-02
3.423309326171875000e-02
3.439593315124511719e-02
3.460693359375000000e-02
3.444194793701171875e-02
3.428578376770019531e-02
3.528690338134765625e-02
3.469586372375488281e-02
3.524518013000488281e-02
3.524827957153320312e-02
3.451704978942871094e-02
3.469109535217285156e-02
3.471994400024414062e-02
3.472900390625000000e-02
3.460383415222167969e-02
3.475999832153320312e-02
3.435182571411132812e-02
3.519105911254882812e-02
3.556084632873535156e-02
3.518533706665039062e-02
3.551006317138671875e-02
3.520298004150390625e-02
3.491902351379394531e-02
3.452396392822265625e-02
3.452277183532714844e-02
3.518104553222656250e-02
3.467297554016113281e-02
3.517413139343261719e-02
3.434205055236816406e-02
3.535676002502441406e-02
3.525424003601074219e-02
3.482580184936523438e-02
3.557419776916503906e-02
3.456115722656250000e-02
3.526711463928222656e-02
3.435301780700683594e-02
3.499984741210937500e-02
3.531599044799804688e-02
3.462791442871093750e-02
3.536200523376464844e-02
3.487992286682128906e-02
3.457784652709960938e-02
3.513407707214355469e-02
3.448081016540527344e-02
3.456807136535644531e-02
3.524303436279296875e-02
3.438687324523925781e-02
3.430294990539550781e-02
3.534102439880371094e-02
3.531098365783691406e-02
3.524875640869140625e-02
3.530597686767578125e-02
3.542804718017578125e-02
3.462409973144531250e-02
3.537797927856445312e-02
3.475785255432128906e-02
3.428721427917480469e-02
3.478288650512695312e-02
3.534197807312011719e-02
3.568792343139648438e-02
3.465008735656738281e-02
3.535199165344238281e-02
3.514909744262695312e-02
3.792905807495117188e-02
3.459191322326660156e-02
3.479909896850585938e-02
3.536510467529296875e-02
3.528285026550292969e-02
3.521895408630371094e-02
3.542423248291015625e-02
3.434085845947265625e-02
3.438901901245117188e-02
3.623294830322265625e-02
3.544807434082031250e-02
3.542661666870117188e-02
3.437209129333496094e-02
3.542017936706542969e-02
3.449296951293945312e-02
3.517580032348632812e-02
3.554010391235351562e-02
3.438711166381835938e-02
3.502202033996582031e-02
3.491711616516113281e-02
3.551793098449707031e-02
3.450107574462890625e-02
3.467106819152832031e-02
3.474402427673339844e-02
3.448605537414550781e-02
3.521895408630371094e-02
3.500580787658691406e-02
3.518390655517578125e-02
3.456091880798339844e-02
3.430104255676269531e-02
3.573179244995117188e-02
3.534889221191406250e-02
3.537273406982421875e-02
3.468084335327148438e-02
3.553104400634765625e-02
3.531169891357421875e-02
3.454208374023437500e-02
3.555083274841308594e-02
3.509974479675292969e-02
3.432893753051757812e-02
3.541874885559082031e-02
3.423213958740234375e-02
3.527021408081054688e-02
3.442311286926269531e-02
3.513121604919433594e-02
3.536200523376464844e-02
3.623127937316894531e-02
3.560805320739746094e-02
3.528308868408203125e-02
3.443193435668945312e-02
3.504490852355957031e-02
3.535270690917968750e-02
3.409790992736816406e-02
3.412580490112304688e-02
3.492808341979980469e-02
3.579998016357421875e-02
3.488898277282714844e-02
3.434896469116210938e-02
3.468418121337890625e-02
3.488397598266601562e-02
3.455901145935058594e-02
3.407382965087890625e-02
3.438019752502441406e-02
3.406119346618652344e-02
3.472685813903808594e-02
3.420066833496093750e-02
3.479790687561035156e-02
3.504610061645507812e-02
3.492593765258789062e-02
3.431224822998046875e-02
3.492307662963867188e-02
3.486299514770507812e-02
3.400993347167968750e-02
3.432917594909667969e-02
3.400492668151855469e-02
3.409910202026367188e-02
3.438091278076171875e-02
3.450512886047363281e-02
3.495192527770996094e-02
3.473496437072753906e-02
3.441786766052246094e-02
3.558111190795898438e-02
3.551101684570312500e-02
3.433108329772949219e-02
3.452801704406738281e-02
3.586506843566894531e-02
3.441095352172851562e-02
3.484797477722167969e-02
3.475880622863769531e-02
3.433799743652343750e-02
3.447294235229492188e-02
3.442716598510742188e-02
3.394627571105957031e-02
3.495097160339355469e-02
3.652310371398925781e-02
3.618001937866210938e-02
3.581595420837402344e-02
3.409886360168457031e-02
3.457212448120117188e-02
3.503608703613281250e-02
3.450393676757812500e-02
3.410816192626953125e-02
3.481698036193847656e-02
3.413105010986328125e-02
3.485512733459472656e-02
3.490400314331054688e-02
3.397202491760253906e-02
3.558230400085449219e-02
3.428816795349121094e-02
3.453803062438964844e-02
3.432083129882812500e-02
3.445005416870117188e-02
3.418922424316406250e-02
3.466796875000000000e-02
3.442382812500000000e-02
3.447389602661132812e-02
3.491592407226562500e-02
3.473830223083496094e-02
3.385615348815917969e-02
3.476190567016601562e-02
3.482818603515625000e-02
3.495287895202636719e-02
3.487706184387207031e-02
3.451204299926757812e-02
3.452301025390625000e-02
4.124402999877929688e-02
3.440570831298828125e-02
3.425693511962890625e-02
3.488111495971679688e-02
3.408718109130859375e-02
3.424000740051269531e-02
3.446698188781738281e-02
3.459715843200683594e-02
3.491091728210449219e-02
3.490805625915527344e-02
3.447914123535156250e-02
3.491520881652832031e-02
3.403425216674804688e-02
3.465008735656738281e-02
3.428721427917480469e-02
3.401422500610351562e-02
3.521895408630371094e-02
3.441929817199707031e-02
3.489398956298828125e-02
3.415083885192871094e-02
3.432202339172363281e-02
3.427505493164062500e-02
3.504300117492675781e-02
3.400802612304687500e-02
3.428792953491210938e-02
3.409099578857421875e-02
3.490829467773437500e-02
3.394484519958496094e-02
3.441715240478515625e-02
3.491401672363281250e-02
3.492903709411621094e-02
3.391575813293457031e-02
3.572607040405273438e-02
3.489899635314941406e-02
3.495693206787109375e-02
3.438377380371093750e-02
3.400397300720214844e-02
3.455710411071777344e-02
3.491497039794921875e-02
3.492879867553710938e-02
3.440999984741210938e-02
3.486299514770507812e-02
3.487730026245117188e-02
3.391194343566894531e-02
3.390598297119140625e-02
3.432774543762207031e-02
3.413105010986328125e-02
3.412508964538574219e-02
3.491210937500000000e-02
3.491091728210449219e-02
3.405785560607910156e-02
3.467392921447753906e-02
3.393006324768066406e-02
3.397297859191894531e-02
3.470110893249511719e-02
3.490304946899414062e-02
3.485274314880371094e-02
3.411889076232910156e-02
3.493094444274902344e-02
3.426504135131835938e-02
3.402709960937500000e-02
3.436779975891113281e-02
3.396487236022949219e-02
3.497910499572753906e-02
3.418111801147460938e-02
3.412580490112304688e-02
3.417873382568359375e-02
3.517603874206542969e-02
3.431487083435058594e-02
3.489208221435546875e-02
3.391385078430175781e-02
3.486514091491699219e-02
3.487491607666015625e-02
3.419685363769531250e-02
3.407311439514160156e-02
3.568315505981445312e-02
3.496885299682617188e-02
3.394103050231933594e-02
3.492498397827148438e-02
3.486394882202148438e-02
3.503203392028808594e-02
3.489828109741210938e-02
3.524565696716308594e-02
3.492403030395507812e-02
3.493499755859375000e-02
3.409600257873535156e-02
3.494572639465332031e-02
3.420066833496093750e-02
3.426313400268554688e-02
3.443694114685058594e-02
3.405809402465820312e-02
3.458094596862792969e-02
3.494596481323242188e-02
3.493881225585937500e-02
3.492665290832519531e-02
3.499603271484375000e-02
3.463816642761230469e-02
3.496408462524414062e-02
3.447508811950683594e-02
3.401708602905273438e-02
3.415322303771972656e-02
3.528976440429687500e-02
3.485012054443359375e-02
3.442263603210449219e-02
3.483319282531738281e-02
3.438615798950195312e-02
3.453183174133300781e-02
3.483891487121582031e-02
3.426885604858398438e-02
3.471183776855468750e-02
3.493404388427734375e-02
3.389620780944824219e-02
3.490996360778808594e-02
3.434395790100097656e-02
3.447699546813964844e-02
3.494715690612792969e-02
3.514766693115234375e-02
3.514170646667480469e-02
3.400278091430664062e-02
3.462719917297363281e-02
3.476309776306152344e-02
3.499293327331542969e-02
3.402328491210937500e-02
3.528904914855957031e-02
3.393101692199707031e-02
3.425002098083496094e-02
3.493404388427734375e-02
3.421878814697265625e-02
3.509688377380371094e-02
3.451800346374511719e-02
3.400802612304687500e-02
3.481793403625488281e-02
3.401279449462890625e-02
3.397488594055175781e-02
3.492212295532226562e-02
3.416514396667480469e-02
3.401970863342285156e-02
3.650569915771484375e-02
3.411793708801269531e-02
3.405809402465820312e-02
3.438687324523925781e-02
3.456497192382812500e-02
3.478193283081054688e-02
3.400206565856933594e-02
3.493094444274902344e-02
3.471899032592773438e-02
3.419399261474609375e-02
3.496098518371582031e-02
3.447198867797851562e-02
3.408193588256835938e-02
3.492689132690429688e-02
3.396105766296386719e-02
3.485894203186035156e-02
3.399705886840820312e-02
3.551602363586425781e-02
3.400993347167968750e-02
3.408980369567871094e-02
3.472089767456054688e-02
3.462791442871093750e-02
3.453516960144042969e-02
3.418874740600585938e-02
3.424119949340820312e-02
3.491878509521484375e-02
3.413915634155273438e-02
3.394985198974609375e-02
3.426003456115722656e-02
3.548598289489746094e-02
3.412413597106933594e-02
3.465199470520019531e-02
3.403401374816894531e-02
3.398299217224121094e-02
3.567409515380859375e-02
3.401207923889160156e-02
3.461813926696777344e-02
3.453207015991210938e-02
3.427910804748535156e-02
3.522896766662597656e-02
3.424406051635742188e-02
3.427100181579589844e-02
3.530883789062500000e-02
3.488683700561523438e-02
3.388619422912597656e-02
3.462886810302734375e-02
3.488302230834960938e-02
3.400087356567382812e-02
3.436279296875000000e-02
3.516483306884765625e-02
4.777717590332031250e-02
5.194807052612304688e-02
3.418302536010742188e-02
4.471015930175781250e-02
3.703188896179199219e-02
3.791618347167968750e-02
3.817033767700195312e-02
3.680491447448730469e-02
3.469681739807128906e-02
3.829312324523925781e-02
3.954195976257324219e-02
3.773212432861328125e-02
5.096030235290527344e-02
3.948688507080078125e-02
4.108691215515136719e-02
3.436899185180664062e-02
3.595685958862304688e-02
3.481101989746093750e-02
3.531813621520996094e-02
4.153919219970703125e-02
3.572988510131835938e-02
4.501891136169433594e-02
3.549218177795410156e-02
3.536725044250488281e-02
3.469514846801757812e-02
3.608274459838867188e-02
3.574395179748535156e-02
3.609895706176757812e-02
3.422832489013671875e-02
3.618502616882324219e-02
3.854799270629882812e-02
3.802275657653808594e-02
3.589296340942382812e-02
3.692388534545898438e-02
4.608201980590820312e-02
3.782296180725097656e-02
3.984284400939941406e-02
3.767490386962890625e-02
1.197259426116943359e-01
3.572368621826171875e-02
3.648066520690917969e-02
5.036282539367675781e-02
3.513193130493164062e-02
3.452014923095703125e-02
2.825269699096679688e-01
8.969378471374511719e-02
3.705310821533203125e-02
3.591394424438476562e-02
3.960275650024414062e-02
3.677678108215332031e-02
3.648090362548828125e-02
3.921890258789062500e-02
3.815603256225585938e-02
3.934907913208007812e-02
3.679275512695312500e-02
3.976702690124511719e-02
3.456783294677734375e-02
5.966091156005859375e-02
3.621721267700195312e-02
3.635978698730468750e-02
3.614902496337890625e-02
3.533101081848144531e-02
3.991198539733886719e-02
3.643798828125000000e-02
4.986000061035156250e-02
3.699612617492675781e-02
3.527712821960449219e-02
4.391288757324218750e-02
3.764605522155761719e-02
3.574299812316894531e-02
3.911805152893066406e-02
3.414511680603027344e-02
4.489016532897949219e-02
4.129028320312500000e-02
6.606912612915039062e-02
5.290699005126953125e-02
3.879499435424804688e-02
3.649878501892089844e-02
3.434896469116210938e-02
4.450297355651855469e-02
4.899311065673828125e-02
5.596423149108886719e-02
3.419208526611328125e-02
4.049324989318847656e-02
4.059100151062011719e-02
