2.517914772033691406e-02
1.014614105224609375e-02
6.823062896728515625e-03
7.772207260131835938e-03
6.035089492797851562e-03
6.767988204956054688e-03
7.966995239257812500e-03
6.134986877441406250e-03
7.115125656127929688e-03
7.171869277954101562e-03
7.910013198852539062e-03
7.465839385986328125e-03
8.071184158325195312e-03
9.428024291992187500e-03
7.563114166259765625e-03
8.134126663208007812e-03
7.236003875732421875e-03
9.177923202514648438e-03
7.532119750976562500e-03
7.409334182739257812e-03
7.380008697509765625e-03
7.272005081176757812e-03
7.243871688842773438e-03
7.297754287719726562e-03
8.430957794189453125e-03
8.269786834716796875e-03
6.446838378906250000e-03
8.618831634521484375e-03
7.122993469238281250e-03
7.394075393676757812e-03
6.485939025878906250e-03
7.194757461547851562e-03
7.011890411376953125e-03
7.010936737060546875e-03
8.462905883789062500e-03
7.198810577392578125e-03
7.487297058105468750e-03
7.616996765136718750e-03
7.834911346435546875e-03
7.601976394653320312e-03
7.160902023315429688e-03
8.032083511352539062e-03
7.369995117187500000e-03
8.026123046875000000e-03
7.563114166259765625e-03
7.695913314819335938e-03
7.008075714111328125e-03
7.496833801269531250e-03
7.491827011108398438e-03
8.759021759033203125e-03
7.078886032104492188e-03
7.820129394531250000e-03
7.443904876708984375e-03
7.594823837280273438e-03
7.454872131347656250e-03
9.035825729370117188e-03
7.653713226318359375e-03
7.050037384033203125e-03
7.712125778198242188e-03
6.181716918945312500e-03
7.694244384765625000e-03
6.596803665161132812e-03
7.854700088500976562e-03
6.464958190917968750e-03
7.914066314697265625e-03
6.439924240112304688e-03
7.297992706298828125e-03
7.953882217407226562e-03
6.814956665039062500e-03
8.308887481689453125e-03
7.211923599243164062e-03
7.720947265625000000e-03
6.421804428100585938e-03
6.986141204833984375e-03
7.853031158447265625e-03
7.162809371948242188e-03
8.155107498168945312e-03
6.901025772094726562e-03
8.127927780151367188e-03
6.529092788696289062e-03
8.688926696777343750e-03
8.364915847778320312e-03
7.926940917968750000e-03
7.307052612304687500e-03
7.249116897583007812e-03
9.103059768676757812e-03
7.186889648437500000e-03
8.459091186523437500e-03
7.825136184692382812e-03
7.685661315917968750e-03
8.227109909057617188e-03
7.833003997802734375e-03
7.696866989135742188e-03
1.011109352111816406e-02
7.071018218994140625e-03
9.765863418579101562e-03
9.177923202514648438e-03
8.539199829101562500e-03
9.606122970581054688e-03
8.605003356933593750e-03
1.004791259765625000e-02
8.985757827758789062e-03
9.061098098754882812e-03
8.684873580932617188e-03
7.987260818481445312e-03
6.998062133789062500e-03
8.007049560546875000e-03
8.733034133911132812e-03
8.424043655395507812e-03
9.011030197143554688e-03
8.111000061035156250e-03
8.112192153930664062e-03
8.574008941650390625e-03
8.964776992797851562e-03
8.394002914428710938e-03
8.289098739624023438e-03
9.157896041870117188e-03
8.068799972534179688e-03
7.665157318115234375e-03
9.760856628417968750e-03
1.099205017089843750e-02
1.165223121643066406e-02
9.899854660034179688e-03
8.194684982299804688e-03
1.329994201660156250e-02
1.018977165222167969e-02
1.094889640808105469e-02
1.057195663452148438e-02
1.095199584960937500e-02
1.025176048278808594e-02
9.357929229736328125e-03
1.033806800842285156e-02
1.066303253173828125e-02
1.221013069152832031e-02
1.165080070495605469e-02
1.179075241088867188e-02
1.205778121948242188e-02
1.058506965637207031e-02
1.026391983032226562e-02
9.423017501831054688e-03
1.108407974243164062e-02
1.021599769592285156e-02
9.926319122314453125e-03
9.932041168212890625e-03
1.090312004089355469e-02
1.073694229125976562e-02
1.242995262145996094e-02
1.200270652770996094e-02
1.079297065734863281e-02
1.240801811218261719e-02
1.262497901916503906e-02
1.147699356079101562e-02
1.305294036865234375e-02
1.189017295837402344e-02
1.314401626586914062e-02
1.195907592773437500e-02
1.186299324035644531e-02
1.385188102722167969e-02
1.182794570922851562e-02
1.160693168640136719e-02
1.204586029052734375e-02
1.090407371520996094e-02
1.224708557128906250e-02
1.396203041076660156e-02
1.269412040710449219e-02
1.237893104553222656e-02
1.168513298034667969e-02
1.203274726867675781e-02
1.207709312438964844e-02
1.332306861877441406e-02
1.170110702514648438e-02
1.189017295837402344e-02
1.228690147399902344e-02
1.386499404907226562e-02
1.317977905273437500e-02
1.201200485229492188e-02
1.303696632385253906e-02
1.473093032836914062e-02
1.331973075866699219e-02
1.082205772399902344e-02
1.381611824035644531e-02
1.294398307800292969e-02
1.170706748962402344e-02
1.131010055541992188e-02
1.414012908935546875e-02
1.242494583129882812e-02
1.233220100402832031e-02
1.455092430114746094e-02
1.314997673034667969e-02
1.315307617187500000e-02
1.406311988830566406e-02
1.217198371887207031e-02
1.284098625183105469e-02
1.230120658874511719e-02
1.273083686828613281e-02
1.344299316406250000e-02
1.139307022094726562e-02
1.685094833374023438e-02
1.408624649047851562e-02
1.649188995361328125e-02
1.456117630004882812e-02
1.569223403930664062e-02
1.615500450134277344e-02
1.715087890625000000e-02
1.558399200439453125e-02
1.536703109741210938e-02
1.566410064697265625e-02
1.476621627807617188e-02
1.508092880249023438e-02
1.511597633361816406e-02
1.509809494018554688e-02
1.428318023681640625e-02
1.524281501770019531e-02
1.326584815979003906e-02
1.442694664001464844e-02
1.522564888000488281e-02
1.427698135375976562e-02
1.675295829772949219e-02
1.556682586669921875e-02
1.459527015686035156e-02
1.609706878662109375e-02
1.627922058105468750e-02
1.603984832763671875e-02
1.462078094482421875e-02
1.667404174804687500e-02
1.859188079833984375e-02
2.339696884155273438e-02
1.720499992370605469e-02
1.629805564880371094e-02
1.839995384216308594e-02
2.472400665283203125e-02
1.778793334960937500e-02
1.855492591857910156e-02
1.702189445495605469e-02
1.646804809570312500e-02
2.040028572082519531e-02
1.726412773132324219e-02
1.975107192993164062e-02
2.897715568542480469e-02
1.797914505004882812e-02
1.844716072082519531e-02
2.002811431884765625e-02
1.577115058898925781e-02
1.693797111511230469e-02
1.741003990173339844e-02
2.226877212524414062e-02
1.620697975158691406e-02
1.673913002014160156e-02
1.630187034606933594e-02
1.616787910461425781e-02
1.585197448730468750e-02
1.595497131347656250e-02
1.609897613525390625e-02
1.482486724853515625e-02
1.730298995971679688e-02
1.535391807556152344e-02
1.457881927490234375e-02
1.604819297790527344e-02
1.510715484619140625e-02
1.692295074462890625e-02
1.617813110351562500e-02
2.875709533691406250e-02
1.972198486328125000e-02
4.218912124633789062e-02
1.724290847778320312e-02
1.899600028991699219e-02
1.735687255859375000e-02
2.250909805297851562e-02
1.782989501953125000e-02
1.833701133728027344e-02
2.223324775695800781e-02
1.843309402465820312e-02
1.839685440063476562e-02
1.654195785522460938e-02
1.650595664978027344e-02
1.923012733459472656e-02
2.719688415527343750e-02
1.659202575683593750e-02
1.792812347412109375e-02
1.909995079040527344e-02
1.936578750610351562e-02
1.740431785583496094e-02
2.891182899475097656e-02
1.974201202392578125e-02
1.679801940917968750e-02
1.777696609497070312e-02
1.813578605651855469e-02
1.854205131530761719e-02
1.991605758666992188e-02
2.208614349365234375e-02
1.909279823303222656e-02
1.837491989135742188e-02
2.476787567138671875e-02
1.847720146179199219e-02
1.880598068237304688e-02
1.910495758056640625e-02
2.241587638854980469e-02
1.976394653320312500e-02
1.960706710815429688e-02
2.066302299499511719e-02
2.307581901550292969e-02
1.917624473571777344e-02
1.852107048034667969e-02
2.225780487060546875e-02
1.911973953247070312e-02
2.806115150451660156e-02
2.117204666137695312e-02
1.983094215393066406e-02
1.908278465270996094e-02
1.893973350524902344e-02
1.895809173583984375e-02
2.082204818725585938e-02
2.019786834716796875e-02
2.028012275695800781e-02
2.265000343322753906e-02
1.962280273437500000e-02
1.820707321166992188e-02
2.278399467468261719e-02
1.932597160339355469e-02
2.045202255249023438e-02
2.290296554565429688e-02
2.651810646057128906e-02
1.928400993347167969e-02
2.383518218994140625e-02
1.733684539794921875e-02
1.742005348205566406e-02
2.583193778991699219e-02
2.206182479858398438e-02
2.340102195739746094e-02
2.184319496154785156e-02
2.160000801086425781e-02
2.306890487670898438e-02
3.169512748718261719e-02
1.992082595825195312e-02
1.813411712646484375e-02
2.527523040771484375e-02
2.233386039733886719e-02
2.468776702880859375e-02
2.332496643066406250e-02
3.000283241271972656e-02
5.698704719543457031e-02
2.711200714111328125e-02
2.427005767822265625e-02
2.732801437377929688e-02
2.191925048828125000e-02
3.615522384643554688e-02
3.115391731262207031e-02
2.119898796081542969e-02
2.318787574768066406e-02
2.332425117492675781e-02
3.218197822570800781e-02
2.418899536132812500e-02
2.263307571411132812e-02
2.322387695312500000e-02
2.272510528564453125e-02
2.746319770812988281e-02
2.112102508544921875e-02
2.360987663269042969e-02
2.545905113220214844e-02
2.624797821044921875e-02
2.279496192932128906e-02
2.666926383972167969e-02
2.459621429443359375e-02
2.345108985900878906e-02
2.399587631225585938e-02
2.610516548156738281e-02
2.331614494323730469e-02
2.371716499328613281e-02
2.102494239807128906e-02
2.468991279602050781e-02
2.155590057373046875e-02
2.585768699645996094e-02
2.277803421020507812e-02
3.315305709838867188e-02
2.171683311462402344e-02
2.591490745544433594e-02
2.441191673278808594e-02
2.358603477478027344e-02
2.343297004699707031e-02
2.808618545532226562e-02
2.205491065979003906e-02
2.069020271301269531e-02
2.200007438659667969e-02
2.344083786010742188e-02
2.047920227050781250e-02
2.123093605041503906e-02
1.977396011352539062e-02
2.447414398193359375e-02
2.883791923522949219e-02
2.271628379821777344e-02
2.221632003784179688e-02
2.151107788085937500e-02
2.186489105224609375e-02
2.141594886779785156e-02
2.591395378112792969e-02
2.659296989440917969e-02
1.933002471923828125e-02
1.874589920043945312e-02
2.672123908996582031e-02
2.229762077331542969e-02
2.036094665527343750e-02
2.470898628234863281e-02
2.310609817504882812e-02
2.681279182434082031e-02
2.529001235961914062e-02
2.907109260559082031e-02
3.679895401000976562e-02
2.163672447204589844e-02
3.196310997009277344e-02
2.009510993957519531e-02
2.169203758239746094e-02
2.255702018737792969e-02
2.495408058166503906e-02
2.160406112670898438e-02
2.472782135009765625e-02
2.384614944458007812e-02
2.776503562927246094e-02
3.418111801147460938e-02
2.243804931640625000e-02
2.400088310241699219e-02
2.507972717285156250e-02
1.981687545776367188e-02
2.284121513366699219e-02
3.735899925231933594e-02
2.104926109313964844e-02
2.195310592651367188e-02
2.785277366638183594e-02
2.607297897338867188e-02
2.249097824096679688e-02
3.340077400207519531e-02
2.194809913635253906e-02
2.384686470031738281e-02
2.406668663024902344e-02
2.152919769287109375e-02
2.621698379516601562e-02
2.555418014526367188e-02
2.236914634704589844e-02
2.880716323852539062e-02
2.263021469116210938e-02
3.126931190490722656e-02
2.300691604614257812e-02
2.103590965270996094e-02
3.468370437622070312e-02
2.184176445007324219e-02
2.635192871093750000e-02
2.706408500671386719e-02
2.408814430236816406e-02
3.237104415893554688e-02
3.294777870178222656e-02
2.431988716125488281e-02
2.871775627136230469e-02
2.790713310241699219e-02
2.133774757385253906e-02
3.685617446899414062e-02
2.351212501525878906e-02
2.337288856506347656e-02
3.500890731811523438e-02
2.330994606018066406e-02
5.349206924438476562e-02
3.053426742553710938e-02
2.834105491638183594e-02
3.859090805053710938e-02
3.201985359191894531e-02
4.325699806213378906e-02
2.572822570800781250e-02
3.420877456665039062e-02
4.916191101074218750e-02
2.945089340209960938e-02
2.659320831298828125e-02
2.438902854919433594e-02
3.184103965759277344e-02
3.859090805053710938e-02
3.032994270324707031e-02
2.962088584899902344e-02
2.643609046936035156e-02
2.620410919189453125e-02
2.757191658020019531e-02
2.808618545532226562e-02
4.079294204711914062e-02
2.792596817016601562e-02
3.263592720031738281e-02
3.188300132751464844e-02
2.924394607543945312e-02
2.419900894165039062e-02
3.166699409484863281e-02
2.643799781799316406e-02
2.744698524475097656e-02
3.196501731872558594e-02
2.813315391540527344e-02
3.092908859252929688e-02
3.259968757629394531e-02
2.656006813049316406e-02
2.474093437194824219e-02
4.304003715515136719e-02
3.122806549072265625e-02
2.303695678710937500e-02
2.701401710510253906e-02
2.466106414794921875e-02
3.321099281311035156e-02
2.635908126831054688e-02
2.692389488220214844e-02
3.491187095642089844e-02
2.456879615783691406e-02
2.593111991882324219e-02
3.165483474731445312e-02
2.841711044311523438e-02
2.539014816284179688e-02
3.368926048278808594e-02
2.824497222900390625e-02
2.748799324035644531e-02
2.612590789794921875e-02
3.120398521423339844e-02
3.321790695190429688e-02
2.984380722045898438e-02
2.667903900146484375e-02
2.495574951171875000e-02
3.368186950683593750e-02
3.438401222229003906e-02
3.608274459838867188e-02
2.601289749145507812e-02
3.376913070678710938e-02
2.641677856445312500e-02
3.164076805114746094e-02
3.420805931091308594e-02
2.843999862670898438e-02
3.149104118347167969e-02
4.533195495605468750e-02
2.342391014099121094e-02
2.503609657287597656e-02
3.044414520263671875e-02
2.981996536254882812e-02
3.059196472167968750e-02
2.521181106567382812e-02
2.814888954162597656e-02
3.642892837524414062e-02
3.044199943542480469e-02
2.640008926391601562e-02
3.679323196411132812e-02
2.314281463623046875e-02
2.400112152099609375e-02
3.181600570678710938e-02
2.770781517028808594e-02
3.748393058776855469e-02
3.432703018188476562e-02
3.030800819396972656e-02
2.371311187744140625e-02
2.776598930358886719e-02
3.543305397033691406e-02
2.810621261596679688e-02
3.000593185424804688e-02
2.817797660827636719e-02
3.620409965515136719e-02
2.710890769958496094e-02
2.711606025695800781e-02
2.540802955627441406e-02
3.037905693054199219e-02
2.989387512207031250e-02
2.760601043701171875e-02
2.684020996093750000e-02
3.140306472778320312e-02
2.352309226989746094e-02
2.946376800537109375e-02
2.932000160217285156e-02
3.381776809692382812e-02
3.068685531616210938e-02
2.888965606689453125e-02
2.716636657714843750e-02
3.785705566406250000e-02
2.738404273986816406e-02
3.408408164978027344e-02
3.298401832580566406e-02
3.134894371032714844e-02
3.347301483154296875e-02
4.056382179260253906e-02
2.872395515441894531e-02
2.801203727722167969e-02
3.324699401855468750e-02
2.832984924316406250e-02
3.111004829406738281e-02
3.997921943664550781e-02
3.218102455139160156e-02
3.183794021606445312e-02
3.427076339721679688e-02
2.919507026672363281e-02
2.563619613647460938e-02
2.777409553527832031e-02
2.990913391113281250e-02
3.908586502075195312e-02
2.744102478027343750e-02
2.937889099121093750e-02
3.815388679504394531e-02
3.240394592285156250e-02
3.046011924743652344e-02
3.262519836425781250e-02
2.314805984497070312e-02
3.720188140869140625e-02
2.800321578979492188e-02
3.235912322998046875e-02
3.057789802551269531e-02
2.997708320617675781e-02
2.576398849487304688e-02
3.026580810546875000e-02
2.847504615783691406e-02
3.072285652160644531e-02
3.371906280517578125e-02
3.031492233276367188e-02
3.736805915832519531e-02
2.650809288024902344e-02
3.031301498413085938e-02
2.621483802795410156e-02
2.985811233520507812e-02
3.190803527832031250e-02
3.359818458557128906e-02
3.393793106079101562e-02
3.357481956481933594e-02
3.183078765869140625e-02
2.452301979064941406e-02
2.831697463989257812e-02
2.768325805664062500e-02
4.296398162841796875e-02
3.133487701416015625e-02
3.449487686157226562e-02
3.058195114135742188e-02
3.308510780334472656e-02
4.056715965270996094e-02
2.836871147155761719e-02
3.304004669189453125e-02
3.245997428894042969e-02
3.543281555175781250e-02
3.377699851989746094e-02
6.166815757751464844e-02
3.202104568481445312e-02
2.593779563903808594e-02
3.079819679260253906e-02
3.078007698059082031e-02
3.158807754516601562e-02
3.650116920471191406e-02
2.954602241516113281e-02
3.133797645568847656e-02
3.315520286560058594e-02
3.175806999206542969e-02
3.228378295898437500e-02
3.909182548522949219e-02
2.833724021911621094e-02
3.050613403320312500e-02
3.816890716552734375e-02
3.272032737731933594e-02
2.852296829223632812e-02
3.370594978332519531e-02
4.163289070129394531e-02
4.100584983825683594e-02
5.412507057189941406e-02
6.606316566467285156e-02
4.133176803588867188e-02
3.103375434875488281e-02
3.956508636474609375e-02
4.105615615844726562e-02
3.602933883666992188e-02
3.556108474731445312e-02
3.252196311950683594e-02
3.537511825561523438e-02
3.152084350585937500e-02
3.554105758666992188e-02
3.351616859436035156e-02
2.840209007263183594e-02
4.501199722290039062e-02
3.288507461547851562e-02
3.167891502380371094e-02
3.853011131286621094e-02
3.198003768920898438e-02
3.068518638610839844e-02
3.995013236999511719e-02
3.018283843994140625e-02
3.127408027648925781e-02
3.723001480102539062e-02
3.225588798522949219e-02
2.788305282592773438e-02
3.215909004211425781e-02
3.409671783447265625e-02
3.390502929687500000e-02
2.954912185668945312e-02
4.106712341308593750e-02
4.322290420532226562e-02
4.867792129516601562e-02
3.938102722167968750e-02
3.353714942932128906e-02
3.449082374572753906e-02
4.347014427185058594e-02
3.560376167297363281e-02
3.260517120361328125e-02
3.389406204223632812e-02
3.689193725585937500e-02
3.919601440429687500e-02
4.953670501708984375e-02
4.021501541137695312e-02
4.045581817626953125e-02
3.691792488098144531e-02
3.605198860168457031e-02
3.377604484558105469e-02
3.032898902893066406e-02
3.493690490722656250e-02
3.279805183410644531e-02
3.598284721374511719e-02
3.587794303894042969e-02
3.567409515380859375e-02
4.157185554504394531e-02
3.475713729858398438e-02
4.089498519897460938e-02
3.959584236145019531e-02
3.631806373596191406e-02
3.735399246215820312e-02
2.889108657836914062e-02
4.816889762878417969e-02
3.156113624572753906e-02
3.717708587646484375e-02
3.950166702270507812e-02
4.027390480041503906e-02
4.059195518493652344e-02
3.069591522216796875e-02
4.221892356872558594e-02
4.956889152526855469e-02
3.760290145874023438e-02
4.415607452392578125e-02
3.659725189208984375e-02
3.785777091979980469e-02
3.642797470092773438e-02
4.148912429809570312e-02
3.768777847290039062e-02
3.459882736206054688e-02
3.588986396789550781e-02
3.483390808105468750e-02
3.850698471069335938e-02
3.513288497924804688e-02
3.827309608459472656e-02
3.589987754821777344e-02
3.943705558776855469e-02
2.966713905334472656e-02
3.455567359924316406e-02
3.579378128051757812e-02
3.506898880004882812e-02
3.554797172546386719e-02
3.747415542602539062e-02
3.568887710571289062e-02
4.110097885131835938e-02
4.812884330749511719e-02
5.772113800048828125e-02
5.994892120361328125e-02
3.731894493103027344e-02
3.734493255615234375e-02
3.647494316101074219e-02
3.188419342041015625e-02
4.832696914672851562e-02
3.811097145080566406e-02
4.094314575195312500e-02
3.830409049987792969e-02
3.272294998168945312e-02
4.312086105346679688e-02
3.192806243896484375e-02
4.191684722900390625e-02
3.317880630493164062e-02
3.795695304870605469e-02
3.525185585021972656e-02
3.695297241210937500e-02
3.661584854125976562e-02
3.234720230102539062e-02
3.662991523742675781e-02
3.660726547241210938e-02
3.812479972839355469e-02
4.315090179443359375e-02
3.193330764770507812e-02
3.416800498962402344e-02
3.627490997314453125e-02
3.403091430664062500e-02
3.353786468505859375e-02
4.115104675292968750e-02
3.772211074829101562e-02
3.173685073852539062e-02
3.886699676513671875e-02
3.707170486450195312e-02
3.436112403869628906e-02
3.891301155090332031e-02
3.745985031127929688e-02
3.021502494812011719e-02
3.920984268188476562e-02
3.589415550231933594e-02
4.097580909729003906e-02
3.435587882995605469e-02
3.493118286132812500e-02
3.656506538391113281e-02
3.092408180236816406e-02
3.303980827331542969e-02
3.587985038757324219e-02
3.656411170959472656e-02
3.339791297912597656e-02
3.703880310058593750e-02
3.390693664550781250e-02
3.735089302062988281e-02
3.603291511535644531e-02
4.261088371276855469e-02
4.095005989074707031e-02
3.598284721374511719e-02
3.239703178405761719e-02
3.264784812927246094e-02
3.858304023742675781e-02
3.859305381774902344e-02
3.842186927795410156e-02
3.664803504943847656e-02
4.026007652282714844e-02
3.546977043151855469e-02
3.881597518920898438e-02
4.011392593383789062e-02
4.667401313781738281e-02
4.685306549072265625e-02
3.941869735717773438e-02
3.636097908020019531e-02
4.015183448791503906e-02
3.834009170532226562e-02
3.853988647460937500e-02
3.256487846374511719e-02
3.823089599609375000e-02
4.714131355285644531e-02
3.788590431213378906e-02
6.607007980346679688e-02
6.495523452758789062e-02
5.177879333496093750e-02
3.255391120910644531e-02
5.126023292541503906e-02
3.802609443664550781e-02
4.213404655456542969e-02
4.039597511291503906e-02
4.174494743347167969e-02
4.459714889526367188e-02
3.983163833618164062e-02
4.033994674682617188e-02
5.942916870117187500e-02
5.109572410583496094e-02
3.769111633300781250e-02
4.773974418640136719e-02
3.615593910217285156e-02
3.765702247619628906e-02
3.727674484252929688e-02
5.299901962280273438e-02
4.852294921875000000e-02
4.886722564697265625e-02
4.421114921569824219e-02
4.850506782531738281e-02
3.281092643737792969e-02
3.599905967712402344e-02
4.006481170654296875e-02
3.272795677185058594e-02
4.018783569335937500e-02
4.021406173706054688e-02
4.042220115661621094e-02
4.357290267944335938e-02
4.214501380920410156e-02
3.719806671142578125e-02
3.405284881591796875e-02
3.570818901062011719e-02
6.236004829406738281e-02
4.290509223937988281e-02
4.397296905517578125e-02
4.268217086791992188e-02
4.060888290405273438e-02
3.830718994140625000e-02
4.985690116882324219e-02
3.878903388977050781e-02
4.907298088073730469e-02
6.898617744445800781e-02
6.132292747497558594e-02
3.286910057067871094e-02
3.998208045959472656e-02
4.234004020690917969e-02
4.118704795837402344e-02
3.868317604064941406e-02
3.761100769042968750e-02
3.924703598022460938e-02
3.759098052978515625e-02
3.938388824462890625e-02
3.746366500854492188e-02
4.358983039855957031e-02
3.718018531799316406e-02
4.252815246582031250e-02
5.310583114624023438e-02
4.053187370300292969e-02
5.230116844177246094e-02
4.507279396057128906e-02
4.415893554687500000e-02
3.934001922607421875e-02
4.163217544555664062e-02
4.218697547912597656e-02
4.104900360107421875e-02
3.569793701171875000e-02
3.990221023559570312e-02
3.908872604370117188e-02
3.913593292236328125e-02
4.127621650695800781e-02
4.090905189514160156e-02
4.499936103820800781e-02
3.614687919616699219e-02
4.218411445617675781e-02
3.894519805908203125e-02
3.721594810485839844e-02
4.869985580444335938e-02
3.955364227294921875e-02
4.509711265563964844e-02
4.229497909545898438e-02
4.588794708251953125e-02
3.933596611022949219e-02
4.895114898681640625e-02
4.638719558715820312e-02
4.348492622375488281e-02
4.664397239685058594e-02
4.428291320800781250e-02
4.689121246337890625e-02
4.450511932373046875e-02
4.816603660583496094e-02
4.753899574279785156e-02
5.842614173889160156e-02
3.882884979248046875e-02
3.869175910949707031e-02
4.106330871582031250e-02
4.144191741943359375e-02
4.403877258300781250e-02
4.089808464050292969e-02
5.092096328735351562e-02
4.219794273376464844e-02
4.316520690917968750e-02
3.991794586181640625e-02
4.009389877319335938e-02
4.721808433532714844e-02
3.799915313720703125e-02
4.521703720092773438e-02
4.397392272949218750e-02
5.258917808532714844e-02
3.986692428588867188e-02
3.849291801452636719e-02
4.498100280761718750e-02
4.202818870544433594e-02
4.872608184814453125e-02
4.057312011718750000e-02
3.955197334289550781e-02
4.732584953308105469e-02
4.002690315246582031e-02
4.566502571105957031e-02
5.212903022766113281e-02
4.609489440917968750e-02
4.732894897460937500e-02
4.447102546691894531e-02
5.131196975708007812e-02
5.403089523315429688e-02
5.328893661499023438e-02
5.153727531433105469e-02
5.154013633728027344e-02
4.122900962829589844e-02
4.490613937377929688e-02
4.706883430480957031e-02
4.245591163635253906e-02
3.853321075439453125e-02
4.214978218078613281e-02
4.266023635864257812e-02
4.888010025024414062e-02
4.056692123413085938e-02
4.327225685119628906e-02
4.199409484863281250e-02
4.191708564758300781e-02
4.590296745300292969e-02
4.219293594360351562e-02
4.037618637084960938e-02
5.015921592712402344e-02
4.014110565185546875e-02
4.161095619201660156e-02
4.036021232604980469e-02
3.745794296264648438e-02
4.786109924316406250e-02
4.170703887939453125e-02
4.434394836425781250e-02
4.408025741577148438e-02
4.135680198669433594e-02
4.414796829223632812e-02
4.263496398925781250e-02
4.503583908081054688e-02
4.651379585266113281e-02
8.579778671264648438e-02
6.256103515625000000e-02
4.187893867492675781e-02
4.405903816223144531e-02
4.797506332397460938e-02
4.840922355651855469e-02
5.733823776245117188e-02
4.479503631591796875e-02
4.301619529724121094e-02
4.922008514404296875e-02
4.062294960021972656e-02
5.694890022277832031e-02
4.327487945556640625e-02
4.573082923889160156e-02
5.218982696533203125e-02
4.532289505004882812e-02
5.189919471740722656e-02
7.785916328430175781e-02
4.579401016235351562e-02
4.780793190002441406e-02
4.448199272155761719e-02
4.486680030822753906e-02
4.756283760070800781e-02
3.896307945251464844e-02
4.213619232177734375e-02
4.397106170654296875e-02
4.200387001037597656e-02
4.128789901733398438e-02
4.068779945373535156e-02
4.173398017883300781e-02
4.278326034545898438e-02
4.337787628173828125e-02
4.410791397094726562e-02
4.397010803222656250e-02
4.162001609802246094e-02
4.345393180847167969e-02
4.164719581604003906e-02
5.426669120788574219e-02
5.406999588012695312e-02
4.214811325073242188e-02
6.857705116271972656e-02
5.983805656433105469e-02
4.888772964477539062e-02
5.631113052368164062e-02
4.746699333190917969e-02
6.102275848388671875e-02
4.277396202087402344e-02
5.095410346984863281e-02
4.928898811340332031e-02
5.150508880615234375e-02
4.277420043945312500e-02
4.694795608520507812e-02
5.318284034729003906e-02
4.676389694213867188e-02
5.148291587829589844e-02
4.473280906677246094e-02
4.580307006835937500e-02
4.212117195129394531e-02
4.281020164489746094e-02
4.535293579101562500e-02
4.480099678039550781e-02
4.568624496459960938e-02
4.178094863891601562e-02
4.158997535705566406e-02
4.712796211242675781e-02
4.858112335205078125e-02
4.302120208740234375e-02
4.593729972839355469e-02
4.513406753540039062e-02
4.440808296203613281e-02
4.296803474426269531e-02
4.347586631774902344e-02
4.623889923095703125e-02
3.938984870910644531e-02
5.844402313232421875e-02
4.679489135742187500e-02
5.461192131042480469e-02
4.738402366638183594e-02
4.586076736450195312e-02
4.722189903259277344e-02
4.151678085327148438e-02
4.136896133422851562e-02
4.573202133178710938e-02
4.362988471984863281e-02
5.907893180847167969e-02
4.259324073791503906e-02
4.130887985229492188e-02
4.354476928710937500e-02
4.337835311889648438e-02
4.334592819213867188e-02
4.107594490051269531e-02
5.432319641113281250e-02
5.132293701171875000e-02
6.725001335144042969e-02
4.210305213928222656e-02
4.399609565734863281e-02
5.386495590209960938e-02
5.196714401245117188e-02
4.840207099914550781e-02
4.771494865417480469e-02
4.748916625976562500e-02
4.718995094299316406e-02
4.040598869323730469e-02
4.111218452453613281e-02
4.338812828063964844e-02
4.736709594726562500e-02
4.883408546447753906e-02
4.344224929809570312e-02
5.783510208129882812e-02
4.322576522827148438e-02
6.160283088684082031e-02
5.792379379272460938e-02
4.441595077514648438e-02
4.395294189453125000e-02
8.453202247619628906e-02
9.116578102111816406e-02
6.939172744750976562e-02
6.424999237060546875e-02
4.669094085693359375e-02
4.690670967102050781e-02
5.089688301086425781e-02
4.748702049255371094e-02
4.764914512634277344e-02
4.351186752319335938e-02
4.202175140380859375e-02
4.399895668029785156e-02
4.216408729553222656e-02
4.295897483825683594e-02
4.227471351623535156e-02
4.054689407348632812e-02
4.967904090881347656e-02
4.447412490844726562e-02
4.969811439514160156e-02
4.512929916381835938e-02
5.508685111999511719e-02
4.681181907653808594e-02
4.087400436401367188e-02
4.628777503967285156e-02
4.403901100158691406e-02
4.566121101379394531e-02
4.199385643005371094e-02
4.074120521545410156e-02
4.379796981811523438e-02
4.264283180236816406e-02
4.670286178588867188e-02
4.430294036865234375e-02
4.213213920593261719e-02
4.238271713256835938e-02
4.630613327026367188e-02
4.225516319274902344e-02
4.573726654052734375e-02
4.229402542114257812e-02
4.602599143981933594e-02
4.390192031860351562e-02
4.508996009826660156e-02
4.436302185058593750e-02
3.995895385742187500e-02
5.699777603149414062e-02
5.445027351379394531e-02
5.562496185302734375e-02
4.008412361145019531e-02
4.865813255310058594e-02
4.700493812561035156e-02
4.586791992187500000e-02
4.146289825439453125e-02
4.038405418395996094e-02
4.871511459350585938e-02
3.973412513732910156e-02
4.588389396667480469e-02
4.194617271423339844e-02
4.198288917541503906e-02
5.559611320495605469e-02
5.518507957458496094e-02
4.939699172973632812e-02
4.427480697631835938e-02
4.260468482971191406e-02
4.516577720642089844e-02
4.209184646606445312e-02
4.675817489624023438e-02
5.063581466674804688e-02
4.941391944885253906e-02
4.427099227905273438e-02
4.442596435546875000e-02
4.401111602783203125e-02
6.037092208862304688e-02
5.439114570617675781e-02
5.285406112670898438e-02
5.323481559753417969e-02
4.283380508422851562e-02
4.202628135681152344e-02
5.024504661560058594e-02
4.995036125183105469e-02
5.366873741149902344e-02
4.539370536804199219e-02
4.201793670654296875e-02
4.397201538085937500e-02
4.008316993713378906e-02
5.202102661132812500e-02
6.035399436950683594e-02
4.869198799133300781e-02
4.073405265808105469e-02
4.157376289367675781e-02
4.494309425354003906e-02
5.589294433593750000e-02
4.681301116943359375e-02
4.076123237609863281e-02
4.258394241333007812e-02
4.296708106994628906e-02
4.581022262573242188e-02
5.301618576049804688e-02
5.084109306335449219e-02
4.585790634155273438e-02
4.400610923767089844e-02
5.340433120727539062e-02
5.907702445983886719e-02
5.732798576354980469e-02
5.691027641296386719e-02
6.308889389038085938e-02
4.435110092163085938e-02
5.408382415771484375e-02
5.287981033325195312e-02
4.251194000244140625e-02
4.668498039245605469e-02
3.986001014709472656e-02
6.070280075073242188e-02
5.851221084594726562e-02
4.883718490600585938e-02
6.128501892089843750e-02
5.811190605163574219e-02
5.192399024963378906e-02
4.885411262512207031e-02
5.363893508911132812e-02
4.855918884277343750e-02
5.343723297119140625e-02
4.844188690185546875e-02
4.589509963989257812e-02
5.145311355590820312e-02
4.391908645629882812e-02
5.033588409423828125e-02
4.649186134338378906e-02
6.789708137512207031e-02
4.232978820800781250e-02
4.189801216125488281e-02
5.653190612792968750e-02
4.785895347595214844e-02
6.796312332153320312e-02
6.242728233337402344e-02
6.256294250488281250e-02
4.603004455566406250e-02
4.561400413513183594e-02
5.143094062805175781e-02
5.253911018371582031e-02
5.645179748535156250e-02
4.449725151062011719e-02
5.789089202880859375e-02
6.159210205078125000e-02
4.562306404113769531e-02
6.566882133483886719e-02
4.722094535827636719e-02
6.676292419433593750e-02
5.143618583679199219e-02
5.493927001953125000e-02
5.268812179565429688e-02
4.840612411499023438e-02
4.138183593750000000e-02
4.802989959716796875e-02
4.350590705871582031e-02
4.518795013427734375e-02
4.805898666381835938e-02
4.426789283752441406e-02
5.435299873352050781e-02
5.494308471679687500e-02
5.660390853881835938e-02
4.914593696594238281e-02
5.422687530517578125e-02
4.540896415710449219e-02
5.751013755798339844e-02
4.691624641418457031e-02
4.414606094360351562e-02
6.348705291748046875e-02
4.910302162170410156e-02
4.780602455139160156e-02
4.980111122131347656e-02
4.865813255310058594e-02
5.098700523376464844e-02
5.168008804321289062e-02
5.884289741516113281e-02
4.585289955139160156e-02
5.507683753967285156e-02
4.690289497375488281e-02
4.566597938537597656e-02
5.192112922668457031e-02
4.357981681823730469e-02
4.491615295410156250e-02
4.675507545471191406e-02
5.238866806030273438e-02
4.826974868774414062e-02
4.672694206237792969e-02
4.548096656799316406e-02
6.295871734619140625e-02
4.719614982604980469e-02
6.147503852844238281e-02
6.154298782348632812e-02
5.194878578186035156e-02
1.019179821014404297e-01
8.577179908752441406e-02
7.688903808593750000e-02
8.113312721252441406e-02
5.493092536926269531e-02
5.006718635559082031e-02
5.318617820739746094e-02
6.205105781555175781e-02
6.668901443481445312e-02
7.366895675659179688e-02
9.388518333435058594e-02
5.591511726379394531e-02
6.973385810852050781e-02
6.713533401489257812e-02
5.800390243530273438e-02
5.298376083374023438e-02
4.640674591064453125e-02
5.713796615600585938e-02
6.662511825561523438e-02
6.828975677490234375e-02
4.895162582397460938e-02
7.381606101989746094e-02
5.039620399475097656e-02
6.163907051086425781e-02
8.711981773376464844e-02
6.700181961059570312e-02
9.046411514282226562e-02
1.138920783996582031e-01
4.942917823791503906e-02
9.657478332519531250e-02
8.974218368530273438e-02
1.154067516326904297e-01
8.489108085632324219e-02
1.113967895507812500e-01
7.903575897216796875e-02
2.457458972930908203e-01
1.341712474822998047e-01
1.881921291351318359e-01
1.057820320129394531e-01
2.417070865631103516e-01
3.984558582305908203e-01
1.834030151367187500e-01
2.525708675384521484e-01
1.106529235839843750e-01
1.987338066101074219e-01
1.068542003631591797e-01
1.527271270751953125e-01
2.012259960174560547e-01
2.425396442413330078e-01
2.489752769470214844e-01
