9.798049926757812500e-03
3.902912139892578125e-03
2.359867095947265625e-03
2.701044082641601562e-03
2.025127410888671875e-03
2.151966094970703125e-03
2.725124359130859375e-03
2.146720886230468750e-03
2.228021621704101562e-03
2.334833145141601562e-03
2.475023269653320312e-03
2.296209335327148438e-03
3.043889999389648438e-03
4.034042358398437500e-03
2.627134323120117188e-03
1.934051513671875000e-03
2.279758453369140625e-03
2.928018569946289062e-03
2.691745758056640625e-03
2.526044845581054688e-03
2.314090728759765625e-03
2.417087554931640625e-03
2.653121948242187500e-03
2.172231674194335938e-03
2.881050109863281250e-03
2.993106842041015625e-03
1.938104629516601562e-03
2.480030059814453125e-03
2.201795578002929688e-03
2.165794372558593750e-03
2.024888992309570312e-03
1.929998397827148438e-03
2.394199371337890625e-03
1.939296722412109375e-03
3.371000289916992188e-03
2.090215682983398438e-03
2.315998077392578125e-03
3.253936767578125000e-03
2.662897109985351562e-03
2.383947372436523438e-03
2.132177352905273438e-03
2.699851989746093750e-03
2.212047576904296875e-03
2.543926239013671875e-03
2.027034759521484375e-03
2.518892288208007812e-03
2.157926559448242188e-03
2.018213272094726562e-03
2.848148345947265625e-03
2.299070358276367188e-03
1.981258392333984375e-03
2.620935440063476562e-03
2.546787261962890625e-03
1.921176910400390625e-03
2.433061599731445312e-03
4.256963729858398438e-03
2.568006515502929688e-03
2.046823501586914062e-03
2.136230468750000000e-03
1.910209655761718750e-03
2.630949020385742188e-03
2.161741256713867188e-03
2.198934555053710938e-03
1.981019973754882812e-03
2.912044525146484375e-03
1.986742019653320312e-03
2.156972885131835938e-03
2.938032150268554688e-03
2.031803131103515625e-03
3.268003463745117188e-03
2.088069915771484375e-03
2.580881118774414062e-03
1.968145370483398438e-03
2.113819122314453125e-03
2.673864364624023438e-03
2.259969711303710938e-03
2.230167388916015625e-03
2.402067184448242188e-03
2.506971359252929688e-03
2.097368240356445312e-03
3.433227539062500000e-03
2.655029296875000000e-03
2.644062042236328125e-03
2.068996429443359375e-03
2.094984054565429688e-03
2.236843109130859375e-03
2.254009246826171875e-03
2.292871475219726562e-03
2.406835556030273438e-03
2.806186676025390625e-03
2.560853958129882812e-03
2.431869506835937500e-03
2.572059631347656250e-03
3.790140151977539062e-03
1.991748809814453125e-03
3.868818283081054688e-03
3.224134445190429688e-03
2.988100051879882812e-03
3.485918045043945312e-03
3.293037414550781250e-03
3.442049026489257812e-03
2.767086029052734375e-03
3.190040588378906250e-03
2.256155014038085938e-03
2.371072769165039062e-03
1.946926116943359375e-03
2.319097518920898438e-03
2.763032913208007812e-03
2.510070800781250000e-03
3.544807434082031250e-03
2.577781677246093750e-03
2.213954925537109375e-03
2.052783966064453125e-03
2.915859222412109375e-03
2.295732498168945312e-03
2.103090286254882812e-03
2.429008483886718750e-03
2.018928527832031250e-03
2.182960510253906250e-03
2.777099609375000000e-03
3.400087356567382812e-03
3.831863403320312500e-03
2.389192581176757812e-03
2.154111862182617188e-03
6.293058395385742188e-03
2.528190612792968750e-03
3.170013427734375000e-03
2.565145492553710938e-03
3.103971481323242188e-03
3.022193908691406250e-03
2.168178558349609375e-03
2.382040023803710938e-03
2.989053726196289062e-03
3.014087677001953125e-03
3.281116485595703125e-03
3.278017044067382812e-03
2.927780151367187500e-03
2.631902694702148438e-03
2.397060394287109375e-03
2.307891845703125000e-03
3.072738647460937500e-03
2.326965332031250000e-03
2.306222915649414062e-03
2.914190292358398438e-03
2.746105194091796875e-03
2.573966979980468750e-03
3.165245056152343750e-03
3.272771835327148438e-03
2.371072769165039062e-03
3.623962402343750000e-03
3.627061843872070312e-03
2.729892730712890625e-03
3.239154815673828125e-03
2.617120742797851562e-03
3.225088119506835938e-03
2.342939376831054688e-03
2.350091934204101562e-03
4.297018051147460938e-03
2.445697784423828125e-03
2.954959869384765625e-03
2.858400344848632812e-03
2.491950988769531250e-03
2.810955047607421875e-03
3.403186798095703125e-03
2.725839614868164062e-03
3.257751464843750000e-03
2.427816390991210938e-03
3.203153610229492188e-03
2.650022506713867188e-03
3.113985061645507812e-03
2.743005752563476562e-03
2.785921096801757812e-03
2.902030944824218750e-03
2.976417541503906250e-03
3.500699996948242188e-03
2.614736557006835938e-03
2.329111099243164062e-03
4.065990447998046875e-03
3.623962402343750000e-03
2.408027648925781250e-03
3.818035125732421875e-03
3.030061721801757812e-03
2.514839172363281250e-03
2.413034439086914062e-03
3.405094146728515625e-03
2.714157104492187500e-03
2.619981765747070312e-03
4.379987716674804688e-03
2.774953842163085938e-03
2.367973327636718750e-03
3.435134887695312500e-03
2.743005752563476562e-03
2.507686614990234375e-03
2.850055694580078125e-03
2.433061599731445312e-03
2.856969833374023438e-03
2.466201782226562500e-03
3.354072570800781250e-03
3.069877624511718750e-03
3.017902374267578125e-03
2.898931503295898438e-03
3.518819808959960938e-03
3.239870071411132812e-03
4.464864730834960938e-03
3.623008728027343750e-03
2.585172653198242188e-03
3.133058547973632812e-03
3.291845321655273438e-03
3.937005996704101562e-03
3.889799118041992188e-03
2.995967864990234375e-03
3.364801406860351562e-03
3.576278686523437500e-03
3.145933151245117188e-03
3.273963928222656250e-03
2.645015716552734375e-03
2.831935882568359375e-03
3.382682800292968750e-03
3.028154373168945312e-03
3.250837326049804688e-03
3.960132598876953125e-03
3.715991973876953125e-03
3.606081008911132812e-03
3.276824951171875000e-03
4.855155944824218750e-03
3.833055496215820312e-03
3.932952880859375000e-03
4.153966903686523438e-03
3.190040588378906250e-03
3.395080566406250000e-03
3.957033157348632812e-03
3.675937652587890625e-03
3.359079360961914062e-03
3.285169601440429688e-03
3.980875015258789062e-03
4.562139511108398438e-03
3.182888031005859375e-03
3.601312637329101562e-03
1.120209693908691406e-02
4.265069961547851562e-03
3.340959548950195312e-03
7.142066955566406250e-03
3.221988677978515625e-03
2.954959869384765625e-03
4.020929336547851562e-03
4.571914672851562500e-03
3.892183303833007812e-03
4.008054733276367188e-03
3.068208694458007812e-03
3.393888473510742188e-03
3.218173980712890625e-03
3.151178359985351562e-03
2.870082855224609375e-03
2.641916275024414062e-03
3.799915313720703125e-03
2.739191055297851562e-03
3.118753433227539062e-03
3.388881683349609375e-03
3.031969070434570312e-03
3.646135330200195312e-03
2.858161926269531250e-03
3.095149993896484375e-03
4.676103591918945312e-03
2.836203575134277344e-02
3.559112548828125000e-03
5.624055862426757812e-03
3.688097000122070312e-03
6.879091262817382812e-03
4.364013671875000000e-03
3.339052200317382812e-03
3.501892089843750000e-03
3.113031387329101562e-03
5.207061767578125000e-03
3.541946411132812500e-03
3.643989562988281250e-03
5.459070205688476562e-03
1.271772384643554688e-02
3.120183944702148438e-03
4.612207412719726562e-03
3.474235534667968750e-03
3.132104873657226562e-03
3.371000289916992188e-03
9.845018386840820312e-03
3.551006317138671875e-03
3.048181533813476562e-03
3.237009048461914062e-03
3.607988357543945312e-03
3.632783889770507812e-03
3.283977508544921875e-03
3.971099853515625000e-03
3.257989883422851562e-03
3.342151641845703125e-03
8.100986480712890625e-03
3.300189971923828125e-03
3.168106079101562500e-03
3.483772277832031250e-03
7.411003112792968750e-03
4.045724868774414062e-03
5.468845367431640625e-03
4.704952239990234375e-03
3.527164459228515625e-03
4.027128219604492188e-03
3.618955612182617188e-03
3.538370132446289062e-03
3.074169158935546875e-03
1.159715652465820312e-02
3.949165344238281250e-03
3.086090087890625000e-03
3.254175186157226562e-03
3.334283828735351562e-03
3.180980682373046875e-03
3.867149353027343750e-03
3.348112106323242188e-03
3.280878067016601562e-03
3.742933273315429688e-03
3.440141677856445312e-03
3.090858459472656250e-03
6.689071655273437500e-03
3.537893295288085938e-03
4.256010055541992188e-03
3.965854644775390625e-03
4.391193389892578125e-03
3.946065902709960938e-03
5.252122879028320312e-03
3.239154815673828125e-03
2.717018127441406250e-03
7.815837860107421875e-03
4.884004592895507812e-03
4.267930984497070312e-03
4.220724105834960938e-03
3.886938095092773438e-03
4.767894744873046875e-03
1.275205612182617188e-02
3.330945968627929688e-03
3.062009811401367188e-03
4.513025283813476562e-03
3.414630889892578125e-03
6.352901458740234375e-03
3.777980804443359375e-03
3.716945648193359375e-03
4.917860031127929688e-03
4.456043243408203125e-03
5.781888961791992188e-03
4.994869232177734375e-03
3.440141677856445312e-03
1.593279838562011719e-02
8.275985717773437500e-03
3.916978836059570312e-03
5.455732345581054688e-03
3.061056137084960938e-03
6.458759307861328125e-03
4.846811294555664062e-03
4.311084747314453125e-03
4.402875900268554688e-03
3.652095794677734375e-03
8.320808410644531250e-03
3.643989562988281250e-03
4.488229751586914062e-03
7.009983062744140625e-03
5.125284194946289062e-03
4.023075103759765625e-03
3.566980361938476562e-03
4.648923873901367188e-03
3.800153732299804688e-03
4.001140594482421875e-03
5.461931228637695312e-03
3.593921661376953125e-03
4.506111145019531250e-03
3.456830978393554688e-03
4.399299621582031250e-03
3.611087799072265625e-03
5.402088165283203125e-03
3.428697586059570312e-03
1.451015472412109375e-02
4.270076751708984375e-03
4.996776580810546875e-03
4.343748092651367188e-03
5.367040634155273438e-03
5.266904830932617188e-03
9.081840515136718750e-03
4.962921142578125000e-03
3.558874130249023438e-03
4.447937011718750000e-03
5.201816558837890625e-03
4.295825958251953125e-03
3.357887268066406250e-03
3.457069396972656250e-03
5.438089370727539062e-03
8.906126022338867188e-03
4.170894622802734375e-03
3.186941146850585938e-03
4.644870758056640625e-03
3.589868545532226562e-03
3.961086273193359375e-03
8.022069931030273438e-03
8.356809616088867188e-03
3.077030181884765625e-03
2.923965454101562500e-03
7.971763610839843750e-03
4.850864410400390625e-03
4.239320755004882812e-03
6.515026092529296875e-03
4.661083221435546875e-03
8.620262145996093750e-03
4.966974258422851562e-03
1.184701919555664062e-02
1.701712608337402344e-02
2.763986587524414062e-03
1.223397254943847656e-02
3.270149230957031250e-03
5.035161972045898438e-03
3.801822662353515625e-03
7.562875747680664062e-03
4.365682601928710938e-03
6.214141845703125000e-03
6.150960922241210938e-03
7.912874221801757812e-03
1.284503936767578125e-02
3.601074218750000000e-03
6.332159042358398438e-03
6.896018981933593750e-03
3.227710723876953125e-03
5.091905593872070312e-03
1.071572303771972656e-02
3.487110137939453125e-03
4.628181457519531250e-03
9.740114212036132812e-03
7.335901260375976562e-03
4.606246948242187500e-03
1.468229293823242188e-02
5.679845809936523438e-03
5.906820297241210938e-03
3.490209579467773438e-03
3.430128097534179688e-03
7.267236709594726562e-03
7.141113281250000000e-03
5.147933959960937500e-03
6.877899169921875000e-03
4.392862319946289062e-03
1.384282112121582031e-02
3.552913665771484375e-03
3.592967987060546875e-03
1.143288612365722656e-02
3.537893295288085938e-03
7.198095321655273438e-03
7.118940353393554688e-03
5.145788192749023438e-03
1.156306266784667969e-02
1.176285743713378906e-02
4.850149154663085938e-03
9.607076644897460938e-03
8.117914199829101562e-03
4.371881484985351562e-03
1.694893836975097656e-02
4.143238067626953125e-03
4.036188125610351562e-03
1.539468765258789062e-02
3.785133361816406250e-03
2.375602722167968750e-02
4.772186279296875000e-03
5.474090576171875000e-03
5.532026290893554688e-03
1.071119308471679688e-02
3.383874893188476562e-03
6.877899169921875000e-03
1.111817359924316406e-02
6.893873214721679688e-03
1.012086868286132812e-02
5.502223968505859375e-03
4.414796829223632812e-03
1.277399063110351562e-02
8.297920227050781250e-03
1.131296157836914062e-02
7.876157760620117188e-03
6.532669067382812500e-03
4.068851470947265625e-03
5.599975585937500000e-03
7.908105850219726562e-03
1.692485809326171875e-02
6.713867187500000000e-03
1.344394683837890625e-02
1.159191131591796875e-02
9.618282318115234375e-03
5.454778671264648438e-03
9.412050247192382812e-03
8.275270462036132812e-03
7.858037948608398438e-03
1.106095314025878906e-02
8.883953094482421875e-03
9.491920471191406250e-03
1.251101493835449219e-02
6.587982177734375000e-03
6.844997406005859375e-03
1.658511161804199219e-02
1.080822944641113281e-02
4.837274551391601562e-03
3.864049911499023438e-03
4.752874374389648438e-03
1.229214668273925781e-02
6.443738937377929688e-03
6.608963012695312500e-03
1.301789283752441406e-02
5.499124526977539062e-03
6.008148193359375000e-03
1.064586639404296875e-02
8.890867233276367188e-03
4.026889801025390625e-03
1.207900047302246094e-02
6.436109542846679688e-03
7.398843765258789062e-03
5.333185195922851562e-03
1.082277297973632812e-02
1.349496841430664062e-02
9.582757949829101562e-03
5.911827087402343750e-03
4.050970077514648438e-03
1.148104667663574219e-02
1.423096656799316406e-02
1.417183876037597656e-02
6.891012191772460938e-03
1.157402992248535156e-02
6.458044052124023438e-03
1.146197319030761719e-02
1.277899742126464844e-02
9.275913238525390625e-03
8.194208145141601562e-03
1.469111442565917969e-02
4.080772399902343750e-03
4.117012023925781250e-03
8.312940597534179688e-03
8.279085159301757812e-03
1.024699211120605469e-02
5.503892898559570312e-03
9.069919586181640625e-03
1.550602912902832031e-02
7.708311080932617188e-03
7.443904876708984375e-03
1.452493667602539062e-02
4.619836807250976562e-03
4.430294036865234375e-03
7.033109664916992188e-03
8.515834808349609375e-03
1.117420196533203125e-02
1.100587844848632812e-02
9.027957916259765625e-03
3.885746002197265625e-03
6.405830383300781250e-03
1.219797134399414062e-02
7.800817489624023438e-03
7.765054702758789062e-03
7.133007049560546875e-03
1.146388053894042969e-02
4.749059677124023438e-03
6.124019622802734375e-03
3.926992416381835938e-03
4.935264587402343750e-03
9.203910827636718750e-03
7.399320602416992188e-03
6.345987319946289062e-03
1.023626327514648438e-02
3.888845443725585938e-03
8.762121200561523438e-03
7.279157638549804688e-03
1.313805580139160156e-02
9.928941726684570312e-03
7.362127304077148438e-03
6.171703338623046875e-03
1.713299751281738281e-02
5.261659622192382812e-03
1.150107383728027344e-02
1.187920570373535156e-02
9.896278381347656250e-03
1.154804229736328125e-02
1.966905593872070312e-02
7.102966308593750000e-03
6.279230117797851562e-03
1.063609123229980469e-02
6.541013717651367188e-03
8.368253707885742188e-03
1.253414154052734375e-02
9.377002716064453125e-03
7.414102554321289062e-03
1.133918762207031250e-02
7.004022598266601562e-03
6.513118743896484375e-03
6.515979766845703125e-03
8.068084716796875000e-03
1.298403739929199219e-02
6.223201751708984375e-03
7.637023925781250000e-03
1.652002334594726562e-02
9.371757507324218750e-03
7.906198501586914062e-03
9.189844131469726562e-03
4.283905029296875000e-03
1.482892036437988281e-02
5.185127258300781250e-03
1.136803627014160156e-02
7.540941238403320312e-03
8.825302124023437500e-03
5.563020706176757812e-03
9.043931961059570312e-03
8.988142013549804688e-03
7.786273956298828125e-03
9.423017501831054688e-03
8.676767349243164062e-03
1.720595359802246094e-02
6.873130798339843750e-03
8.404970169067382812e-03
4.041194915771484375e-03
7.915973663330078125e-03
9.918928146362304688e-03
1.132798194885253906e-02
1.078605651855468750e-02
1.265382766723632812e-02
9.970188140869140625e-03
3.904104232788085938e-03
5.225896835327148438e-03
6.317138671875000000e-03
1.648473739624023438e-02
7.857799530029296875e-03
1.215267181396484375e-02
6.448984146118164062e-03
8.066177368164062500e-03
1.751875877380371094e-02
6.870031356811523438e-03
1.152586936950683594e-02
9.796142578125000000e-03
1.042580604553222656e-02
1.097679138183593750e-02
4.023313522338867188e-02
8.200883865356445312e-03
4.717826843261718750e-03
1.090693473815917969e-02
8.454084396362304688e-03
6.729125976562500000e-03
1.381111145019531250e-02
6.384134292602539062e-03
9.571075439453125000e-03
8.883953094482421875e-03
9.719133377075195312e-03
7.457733154296875000e-03
1.321697235107421875e-02
4.544019699096679688e-03
6.433010101318359375e-03
1.462674140930175781e-02
1.055884361267089844e-02
8.252859115600585938e-03
7.087230682373046875e-03
1.404023170471191406e-02
4.882097244262695312e-03
1.627802848815917969e-02
1.088380813598632812e-02
1.089191436767578125e-02
8.863925933837890625e-03
1.409101486206054688e-02
1.642513275146484375e-02
8.104085922241210938e-03
1.240086555480957031e-02
1.078605651855468750e-02
9.825229644775390625e-03
8.289098739624023438e-03
1.132512092590332031e-02
7.464885711669921875e-03
4.235982894897460938e-03
1.005864143371582031e-02
9.731054306030273438e-03
9.436130523681640625e-03
8.857250213623046875e-03
9.953975677490234375e-03
7.415056228637695312e-03
9.773731231689453125e-03
8.821964263916015625e-03
6.381034851074218750e-03
1.086997985839843750e-02
8.215904235839843750e-03
6.068944931030273438e-03
6.933927536010742188e-03
7.688760757446289062e-03
1.040506362915039062e-02
6.660938262939453125e-03
1.264262199401855469e-02
9.484052658081054688e-03
6.913185119628906250e-03
1.126575469970703125e-02
6.484031677246093750e-03
1.079297065734863281e-02
1.857495307922363281e-02
1.009321212768554688e-02
6.672859191894531250e-03
8.855104446411132812e-03
8.874893188476562500e-03
1.334095001220703125e-02
8.510112762451171875e-03
1.493310928344726562e-02
1.130580902099609375e-02
1.436185836791992188e-02
1.343798637390136719e-02
7.558822631835937500e-03
5.459308624267578125e-03
9.986162185668945312e-03
9.328126907348632812e-03
1.141595840454101562e-02
8.984088897705078125e-03
8.541822433471679688e-03
1.334905624389648438e-02
7.224082946777343750e-03
1.311278343200683594e-02
1.266574859619140625e-02
1.052904129028320312e-02
8.308887481689453125e-03
6.306886672973632812e-03
2.056717872619628906e-02
6.098270416259765625e-03
1.076579093933105469e-02
1.036095619201660156e-02
1.514434814453125000e-02
1.545977592468261719e-02
7.027864456176757812e-03
1.158285140991210938e-02
1.906204223632812500e-02
1.300001144409179688e-02
5.918025970458984375e-03
1.147508621215820312e-02
1.067304611206054688e-02
1.270103454589843750e-02
1.243495941162109375e-02
1.184511184692382812e-02
8.281230926513671875e-03
9.164094924926757812e-03
1.114702224731445312e-02
1.372313499450683594e-02
7.964849472045898438e-03
9.701013565063476562e-03
9.418964385986328125e-03
1.063609123229980469e-02
7.786035537719726562e-03
9.752035140991210938e-03
1.104736328125000000e-02
8.954763412475585938e-03
7.179975509643554688e-03
1.079416275024414062e-02
1.118326187133789062e-02
1.536893844604492188e-02
1.847696304321289062e-02
1.599884033203125000e-02
1.511812210083007812e-02
1.060485839843750000e-02
9.197711944580078125e-03
1.092410087585449219e-02
7.939100265502929688e-03
9.835004806518554688e-03
1.509308815002441406e-02
1.475977897644042969e-02
1.089096069335937500e-02
7.272958755493164062e-03
1.934409141540527344e-02
6.632089614868164062e-03
1.007103919982910156e-02
8.594036102294921875e-03
1.257014274597167969e-02
1.158380508422851562e-02
9.863853454589843750e-03
1.246190071105957031e-02
8.279085159301757812e-03
9.723186492919921875e-03
9.311914443969726562e-03
7.754087448120117188e-03
1.844120025634765625e-02
8.090257644653320312e-03
1.031088829040527344e-02
1.059293746948242188e-02
1.051187515258789062e-02
1.021575927734375000e-02
1.260495185852050781e-02
9.665966033935546875e-03
5.728006362915039062e-03
1.441478729248046875e-02
1.099586486816406250e-02
7.502794265747070312e-03
1.395082473754882812e-02
9.857892990112304688e-03
7.182836532592773438e-03
9.864330291748046875e-03
1.105618476867675781e-02
1.604795455932617188e-02
7.332086563110351562e-03
6.651163101196289062e-03
7.821798324584960938e-03
5.882740020751953125e-03
8.280038833618164062e-03
9.841918945312500000e-03
1.081991195678710938e-02
7.460117340087890625e-03
1.192998886108398438e-02
8.003234863281250000e-03
1.171803474426269531e-02
1.027107238769531250e-02
8.164882659912109375e-03
1.061391830444335938e-02
9.498119354248046875e-03
7.319927215576171875e-03
6.939888000488281250e-03
9.189128875732421875e-03
1.054382324218750000e-02
1.024317741394042969e-02
7.911205291748046875e-03
9.868144989013671875e-03
8.956193923950195312e-03
1.060676574707031250e-02
9.073734283447265625e-03
1.563715934753417969e-02
1.593685150146484375e-02
1.239705085754394531e-02
8.169889450073242188e-03
9.337186813354492188e-03
7.300853729248046875e-03
1.045465469360351562e-02
5.525827407836914062e-03
9.689807891845703125e-03
7.299184799194335938e-03
8.769035339355468750e-03
3.358316421508789062e-02
1.907896995544433594e-02
2.109599113464355469e-02
4.200220108032226562e-03
2.042293548583984375e-02
9.527206420898437500e-03
1.302504539489746094e-02
1.322913169860839844e-02
1.177501678466796875e-02
1.732897758483886719e-02
1.119637489318847656e-02
1.226091384887695312e-02
3.087592124938964844e-02
2.414321899414062500e-02
1.067209243774414062e-02
2.060103416442871094e-02
8.789062500000000000e-03
9.317874908447265625e-03
8.658885955810546875e-03
2.222585678100585938e-02
1.840710639953613281e-02
1.828885078430175781e-02
1.682877540588378906e-02
9.803056716918945312e-03
6.238222122192382812e-03
9.348154067993164062e-03
1.012110710144042969e-02
4.069805145263671875e-03
1.193404197692871094e-02
8.375883102416992188e-03
9.011983871459960938e-03
1.547694206237792969e-02
1.018404960632324219e-02
8.544921875000000000e-03
5.779981613159179688e-03
6.798028945922851562e-03
1.662898063659667969e-02
1.305413246154785156e-02
1.478791236877441406e-02
1.273703575134277344e-02
1.216816902160644531e-02
1.008391380310058594e-02
1.520323753356933594e-02
1.001596450805664062e-02
2.060604095458984375e-02
3.553009033203125000e-02
2.963185310363769531e-02
5.262851715087890625e-03
7.653951644897460938e-03
1.160907745361328125e-02
1.233100891113281250e-02
9.222984313964843750e-03
7.871150970458984375e-03
7.739067077636718750e-03
7.293939590454101562e-03
1.011300086975097656e-02
9.356021881103515625e-03
1.430106163024902344e-02
8.277893066406250000e-03
6.043195724487304688e-03
2.022194862365722656e-02
5.607128143310546875e-03
1.364421844482421875e-02
1.064085960388183594e-02
8.159160614013671875e-03
8.672714233398437500e-03
1.108622550964355469e-02
1.000499725341796875e-02
1.047992706298828125e-02
7.740974426269531250e-03
1.236891746520996094e-02
1.121807098388671875e-02
1.020407676696777344e-02
7.035970687866210938e-03
1.062107086181640625e-02
9.144067764282226562e-03
7.960796356201171875e-03
9.897947311401367188e-03
7.163286209106445312e-03
7.966995239257812500e-03
1.459717750549316406e-02
6.996393203735351562e-03
8.754968643188476562e-03
8.354187011718750000e-03
7.529020309448242188e-03
7.207870483398437500e-03
5.134105682373046875e-03
8.363962173461914062e-03
8.146047592163085938e-03
1.042294502258300781e-02
5.932807922363281250e-03
1.564168930053710938e-02
1.193284988403320312e-02
1.321005821228027344e-02
6.695032119750976562e-03
8.764028549194335938e-03
6.855249404907226562e-03
6.667137145996093750e-03
8.673191070556640625e-03
1.017117500305175781e-02
6.659984588623046875e-03
8.039951324462890625e-03
5.775928497314453125e-03
1.046204566955566406e-02
1.041913032531738281e-02
6.993055343627929688e-03
7.470846176147460938e-03
1.478505134582519531e-02
5.585908889770507812e-03
1.107692718505859375e-02
8.628845214843750000e-03
1.205611228942871094e-02
8.343935012817382812e-03
7.107019424438476562e-03
1.081204414367675781e-02
4.431009292602539062e-03
8.465051651000976562e-03
8.665084838867187500e-03
7.925987243652343750e-03
1.248002052307128906e-02
9.649753570556640625e-03
1.174092292785644531e-02
1.372289657592773438e-02
8.193016052246093750e-03
9.021043777465820312e-03
9.016036987304687500e-03
2.204799652099609375e-02
5.856037139892578125e-03
1.795196533203125000e-02
1.765489578247070312e-02
1.022577285766601562e-02
1.037383079528808594e-02
5.447864532470703125e-03
1.171493530273437500e-02
1.271796226501464844e-02
8.186817169189453125e-03
1.014590263366699219e-02
1.043105125427246094e-02
1.075410842895507812e-02
7.172107696533203125e-03
9.641885757446289062e-03
8.050918579101562500e-03
5.527973175048828125e-03
1.341605186462402344e-02
1.023197174072265625e-02
7.615804672241210938e-03
5.034923553466796875e-03
8.826971054077148438e-03
1.130390167236328125e-02
8.203029632568359375e-03
7.245063781738281250e-03
1.502013206481933594e-02
7.817983627319335938e-03
1.312088966369628906e-02
1.012206077575683594e-02
1.080894470214843750e-02
8.713960647583007812e-03
7.268667221069335938e-03
1.303195953369140625e-02
1.214003562927246094e-02
3.542780876159667969e-02
8.276939392089843750e-03
9.562015533447265625e-03
8.663177490234375000e-03
8.898973464965820312e-03
7.719039916992187500e-03
1.478910446166992188e-02
1.067399978637695312e-02
1.140308380126953125e-02
6.161212921142578125e-03
9.896993637084960938e-03
2.408599853515625000e-02
1.187014579772949219e-02
1.113009452819824219e-02
7.807970046997070312e-03
1.289486885070800781e-02
1.711702346801757812e-02
4.883050918579101562e-03
1.085495948791503906e-02
1.155686378479003906e-02
1.050400733947753906e-02
1.172304153442382812e-02
1.167798042297363281e-02
7.447004318237304688e-03
1.083803176879882812e-02
9.572982788085937500e-03
9.266853332519531250e-03
7.107734680175781250e-03
9.526014328002929688e-03
7.349967956542968750e-03
8.368015289306640625e-03
1.256918907165527344e-02
1.077294349670410156e-02
8.674860000610351562e-03
7.123231887817382812e-03
9.296894073486328125e-03
7.277011871337890625e-03
6.983041763305664062e-03
1.392078399658203125e-02
9.302854537963867188e-03
6.872892379760742188e-03
6.067037582397460938e-03
1.819419860839843750e-02
7.290124893188476562e-03
7.578134536743164062e-03
5.403041839599609375e-03
9.666919708251953125e-03
1.305484771728515625e-02
5.537986755371093750e-03
6.030082702636718750e-03
7.917165756225585938e-03
1.014900207519531250e-02
1.891875267028808594e-02
7.114171981811523438e-03
1.946806907653808594e-02
5.377769470214843750e-03
5.604743957519531250e-03
7.730960845947265625e-03
8.848905563354492188e-03
1.057291030883789062e-02
8.738040924072265625e-03
8.697271347045898438e-03
7.767200469970703125e-03
6.795883178710937500e-03
1.235675811767578125e-02
1.236987113952636719e-02
8.666992187500000000e-03
9.772062301635742188e-03
1.004695892333984375e-02
6.115198135375976562e-03
7.528066635131835938e-03
1.063895225524902344e-02
1.154780387878417969e-02
6.909132003784179688e-03
1.521587371826171875e-02
8.603096008300781250e-03
1.067805290222167969e-02
1.298880577087402344e-02
7.065057754516601562e-03
6.870985031127929688e-03
5.395174026489257812e-03
8.780956268310546875e-03
7.126092910766601562e-03
5.887031555175781250e-03
7.747888565063476562e-03
9.150981903076171875e-03
9.357929229736328125e-03
4.941225051879882812e-03
6.361246109008789062e-03
1.079988479614257812e-02
8.056163787841796875e-03
1.138210296630859375e-02
1.107096672058105469e-02
6.417989730834960938e-03
7.362127304077148438e-03
5.475997924804687500e-03
7.912874221801757812e-03
9.561777114868164062e-03
1.357793807983398438e-02
5.012035369873046875e-03
4.791975021362304688e-03
1.103901863098144531e-02
4.935979843139648438e-03
7.767677307128906250e-03
1.025986671447753906e-02
6.133317947387695312e-03
1.382780075073242188e-02
1.057791709899902344e-02
2.436017990112304688e-02
4.906892776489257812e-03
1.435303688049316406e-02
2.396106719970703125e-02
1.265192031860351562e-02
8.415937423706054688e-03
3.102183341979980469e-02
2.141094207763671875e-02
8.368730545043945312e-03
6.591081619262695312e-03
1.409101486206054688e-02
8.519172668457031250e-03
8.155345916748046875e-03
1.479601860046386719e-02
1.255011558532714844e-02
9.200811386108398438e-03
9.658813476562500000e-03
5.222797393798828125e-03
4.863977432250976562e-03
7.873058319091796875e-03
8.864879608154296875e-03
6.325721740722656250e-03
1.063823699951171875e-02
6.853818893432617188e-03
1.661705970764160156e-02
5.283117294311523438e-03
5.995750427246093750e-03
6.058931350708007812e-03
7.641077041625976562e-03
5.578041076660156250e-03
8.362293243408203125e-03
5.694866180419921875e-03
8.165836334228515625e-03
6.284952163696289062e-03
8.938074111938476562e-03
9.432077407836914062e-03
9.642124176025390625e-03
6.386756896972656250e-03
9.935855865478515625e-03
8.484125137329101562e-03
5.701065063476562500e-03
7.605075836181640625e-03
6.057024002075195312e-03
6.912946701049804688e-03
8.235216140747070312e-03
8.987188339233398438e-03
1.091504096984863281e-02
1.095986366271972656e-02
7.514953613281250000e-03
5.587816238403320312e-03
1.041698455810546875e-02
1.145195960998535156e-02
6.438016891479492188e-03
1.208090782165527344e-02
5.759954452514648438e-03
8.118867874145507812e-03
5.306720733642578125e-03
6.587028503417968750e-03
1.074790954589843750e-02
6.908893585205078125e-03
1.181697845458984375e-02
5.275964736938476562e-03
6.139039993286132812e-03
6.287813186645507812e-03
1.050496101379394531e-02
8.358955383300781250e-03
8.834123611450195312e-03
5.599975585937500000e-03
6.777763366699218750e-03
4.600286483764648438e-03
6.219148635864257812e-03
1.186299324035644531e-02
1.317191123962402344e-02
8.808135986328125000e-03
8.370876312255859375e-03
9.660959243774414062e-03
1.242685317993164062e-02
1.654481887817382812e-02
1.520609855651855469e-02
6.597042083740234375e-03
5.978822708129882812e-03
7.210969924926757812e-03
1.251411437988281250e-02
6.629228591918945312e-03
5.611181259155273438e-03
7.539987564086914062e-03
7.569789886474609375e-03
6.848812103271484375e-03
5.234003067016601562e-03
1.378512382507324219e-02
1.922512054443359375e-02
9.304046630859375000e-03
5.124092102050781250e-03
5.374193191528320312e-03
1.110506057739257812e-02
2.237534523010253906e-02
7.822751998901367188e-03
6.696939468383789062e-03
7.601261138916015625e-03
8.460044860839843750e-03
6.831884384155273438e-03
1.356077194213867188e-02
6.382703781127929688e-03
9.159803390502929688e-03
5.089998245239257812e-03
1.896309852600097656e-02
1.745271682739257812e-02
1.679897308349609375e-02
1.532220840454101562e-02
2.562522888183593750e-02
7.807970046997070312e-03
2.056908607482910156e-02
1.878476142883300781e-02
8.754014968872070312e-03
1.052474975585937500e-02
6.949186325073242188e-03
2.434778213500976562e-02
2.097892761230468750e-02
9.979248046875000000e-03
2.146315574645996094e-02
1.981401443481445312e-02
8.627891540527343750e-03
1.330876350402832031e-02
9.730100631713867188e-03
5.609035491943359375e-03
1.394891738891601562e-02
1.151514053344726562e-02
1.015615463256835938e-02
1.131200790405273438e-02
7.589817047119140625e-03
6.189107894897460938e-03
1.302576065063476562e-02
2.784800529479980469e-02
9.089708328247070312e-03
7.570266723632812500e-03
1.386666297912597656e-02
8.957147598266601562e-03
2.542090415954589844e-02
1.518273353576660156e-02
2.525091171264648438e-02
5.130052566528320312e-03
8.361101150512695312e-03
8.307218551635742188e-03
7.066011428833007812e-03
5.401849746704101562e-03
8.085012435913085938e-03
2.230811119079589844e-02
7.620096206665039062e-03
5.139112472534179688e-03
2.200293540954589844e-02
1.042366027832031250e-02
3.007411956787109375e-02
1.401400566101074219e-02
5.510091781616210938e-03
4.926919937133789062e-03
1.213121414184570312e-02
5.738019943237304688e-03
1.379680633544921875e-02
7.171154022216796875e-03
1.022005081176757812e-02
1.306605339050292969e-02
7.536888122558593750e-03
1.887226104736328125e-02
1.511716842651367188e-02
7.204055786132812500e-03
1.445293426513671875e-02
1.869273185729980469e-02
5.106925964355468750e-03
2.068281173706054688e-02
7.658004760742187500e-03
6.685972213745117188e-03
2.309608459472656250e-02
1.155614852905273438e-02
4.591226577758789062e-03
9.085178375244140625e-03
5.453109741210937500e-03
1.015806198120117188e-02
8.511304855346679688e-03
2.043986320495605469e-02
1.165795326232910156e-02
1.678633689880371094e-02
7.701873779296875000e-03
6.291389465332031250e-03
7.056713104248046875e-03
8.835077285766601562e-03
5.874872207641601562e-03
6.190061569213867188e-03
5.927801132202148438e-03
5.645036697387695312e-03
7.460117340087890625e-03
5.444049835205078125e-03
1.801896095275878906e-02
6.734848022460937500e-03
6.414890289306640625e-03
1.139903068542480469e-02
5.194902420043945312e-03
6.069898605346679688e-03
1.536703109741210938e-02
3.085017204284667969e-02
4.126191139221191406e-02
1.525902748107910156e-02
1.318192481994628906e-02
1.213693618774414062e-02
7.083892822265625000e-03
2.745890617370605469e-02
2.563190460205078125e-02
5.821943283081054688e-03
1.047706604003906250e-02
5.076885223388671875e-03
6.149291992187500000e-03
1.843118667602539062e-02
1.866817474365234375e-02
8.251905441284179688e-03
5.249023437500000000e-03
5.127191543579101562e-03
9.407043457031250000e-03
1.093077659606933594e-02
1.433777809143066406e-02
4.840850830078125000e-03
1.734805107116699219e-02
2.651023864746093750e-02
6.066799163818359375e-03
3.752493858337402344e-02
6.774401664733886719e-02
7.999897003173828125e-03
5.935072898864746094e-02
5.060505867004394531e-02
6.855177879333496094e-02
3.775691986083984375e-02
6.792807579040527344e-02
3.142380714416503906e-02
1.688199043273925781e-01
7.239174842834472656e-02
1.088628768920898438e-01
6.331014633178710938e-02
1.871759891510009766e-01
3.364439010620117188e-01
4.280304908752441406e-02
1.559751033782958984e-01
4.833078384399414062e-02
1.547501087188720703e-01
6.915402412414550781e-02
9.523129463195800781e-02
1.499578952789306641e-01
1.765546798706054688e-01
1.727910041809082031e-01
