5.987167358398437500e-03
3.882884979248046875e-03
2.992868423461914062e-03
3.158092498779296875e-03
2.642869949340820312e-03
3.161907196044921875e-03
3.518819808959960938e-03
2.459764480590820312e-03
3.561973571777343750e-03
3.472328186035156250e-03
3.856182098388671875e-03
3.772020339965820312e-03
3.418922424316406250e-03
3.811836242675781250e-03
3.448009490966796875e-03
4.729270935058593750e-03
3.452777862548828125e-03
3.505945205688476562e-03
3.461837768554687500e-03
3.260850906372070312e-03
3.644943237304687500e-03
3.445148468017578125e-03
3.220796585083007812e-03
3.580093383789062500e-03
3.679990768432617188e-03
3.591299057006835938e-03
3.057241439819335938e-03
4.112958908081054688e-03
3.449678421020507812e-03
3.802061080932617188e-03
2.911329269409179688e-03
3.756999969482421875e-03
3.196954727172851562e-03
3.549814224243164062e-03
3.348827362060546875e-03
3.600120544433593750e-03
3.591060638427734375e-03
2.993106842041015625e-03
3.658056259155273438e-03
3.711938858032226562e-03
3.547906875610351562e-03
3.657817840576171875e-03
3.617048263549804688e-03
3.965854644775390625e-03
4.029273986816406250e-03
3.683090209960937500e-03
3.287792205810546875e-03
3.637790679931640625e-03
3.099918365478515625e-03
4.166126251220703125e-03
3.587961196899414062e-03
3.689765930175781250e-03
3.336906433105468750e-03
4.176855087280273438e-03
3.515720367431640625e-03
3.279924392700195312e-03
3.494024276733398438e-03
3.464937210083007812e-03
4.045009613037109375e-03
2.874135971069335938e-03
3.494977951049804688e-03
2.889871597290039062e-03
3.982067108154296875e-03
3.109931945800781250e-03
3.412008285522460938e-03
2.967834472656250000e-03
3.566980361938476562e-03
3.421068191528320312e-03
2.988100051879882812e-03
3.479003906250000000e-03
3.552913665771484375e-03
3.568887710571289062e-03
2.981185913085937500e-03
3.238916397094726562e-03
3.574132919311523438e-03
3.272056579589843750e-03
4.260778427124023438e-03
3.027915954589843750e-03
3.572940826416015625e-03
2.917051315307617188e-03
3.553867340087890625e-03
4.016160964965820312e-03
3.535032272338867188e-03
3.580808639526367188e-03
3.578186035156250000e-03
3.690004348754882812e-03
3.154277801513671875e-03
3.635168075561523438e-03
3.506183624267578125e-03
3.394126892089843750e-03
3.587007522583007812e-03
3.814935684204101562e-03
3.570318222045898438e-03
3.993034362792968750e-03
3.255844116210937500e-03
3.990888595581054688e-03
3.565788269042968750e-03
3.721237182617187500e-03
3.978967666625976562e-03
3.583431243896484375e-03
3.996849060058593750e-03
3.686189651489257812e-03
3.726959228515625000e-03
4.802227020263671875e-03
3.788948059082031250e-03
3.397941589355468750e-03
3.818035125732421875e-03
4.230737686157226562e-03
3.999948501586914062e-03
3.485918045043945312e-03
3.934144973754882812e-03
4.086971282958984375e-03
4.239082336425781250e-03
4.112005233764648438e-03
4.376888275146484375e-03
4.271984100341796875e-03
4.920959472656250000e-03
4.214048385620117188e-03
3.619670867919921875e-03
4.995822906494140625e-03
5.280017852783203125e-03
5.577802658081054688e-03
5.151033401489257812e-03
4.109144210815429688e-03
4.948139190673828125e-03
5.457878112792968750e-03
5.579948425292968750e-03
5.432128906250000000e-03
5.636215209960937500e-03
5.177021026611328125e-03
5.223035812377929688e-03
5.618810653686523438e-03
5.591630935668945312e-03
7.061958312988281250e-03
6.047010421752929688e-03
5.849838256835937500e-03
7.027864456176757812e-03
5.845785140991210938e-03
5.917072296142578125e-03
5.122184753417968750e-03
5.805969238281250000e-03
5.687952041625976562e-03
5.498886108398437500e-03
5.114078521728515625e-03
6.044864654541015625e-03
6.106138229370117188e-03
6.718873977661132812e-03
6.370067596435546875e-03
6.335020065307617188e-03
6.552219390869140625e-03
6.513833999633789062e-03
6.420373916625976562e-03
7.730960845947265625e-03
6.906032562255859375e-03
7.534980773925781250e-03
7.345199584960937500e-03
7.122993469238281250e-03
7.290124893188476562e-03
7.118940353393554688e-03
6.639003753662109375e-03
6.664991378784179688e-03
6.165027618408203125e-03
6.868124008178710938e-03
8.182048797607421875e-03
7.825136184692382812e-03
6.741762161254882812e-03
7.023811340332031250e-03
6.627082824707031250e-03
6.699085235595703125e-03
7.867097854614257812e-03
6.780147552490234375e-03
6.871938705444335938e-03
6.865024566650390625e-03
7.320165634155273438e-03
7.015943527221679688e-03
7.134914398193359375e-03
6.405830383300781250e-03
8.140087127685546875e-03
7.154941558837890625e-03
6.230115890502929688e-03
7.500171661376953125e-03
7.402658462524414062e-03
6.899118423461914062e-03
6.598949432373046875e-03
7.843971252441406250e-03
7.377862930297851562e-03
7.392883300781250000e-03
7.733106613159179688e-03
7.818937301635742188e-03
7.591247558593750000e-03
8.147954940795898438e-03
7.061004638671875000e-03
7.505178451538085938e-03
7.153987884521484375e-03
7.649898529052734375e-03
8.430004119873046875e-03
6.581783294677734375e-03
1.033687591552734375e-02
8.367061614990234375e-03
1.071286201477050781e-02
9.088993072509765625e-03
9.438037872314453125e-03
9.418010711669921875e-03
9.428977966308593750e-03
9.281635284423828125e-03
9.778022766113281250e-03
9.782075881958007812e-03
8.793115615844726562e-03
8.494853973388671875e-03
8.445978164672851562e-03
8.826255798339843750e-03
8.208036422729492188e-03
8.868932723999023438e-03
7.476806640625000000e-03
8.746862411499023438e-03
9.862184524536132812e-03
8.754253387451171875e-03
9.479045867919921875e-03
9.758949279785156250e-03
8.814096450805664062e-03
9.266138076782226562e-03
9.741067886352539062e-03
9.616136550903320312e-03
8.068084716796875000e-03
8.702039718627929688e-03
1.198387145996093750e-02
1.471734046936035156e-02
1.007699966430664062e-02
1.034283638000488281e-02
1.184892654418945312e-02
1.740694046020507812e-02
1.113915443420410156e-02
1.134634017944335938e-02
1.025581359863281250e-02
9.425163269042968750e-03
1.256299018859863281e-02
1.125311851501464844e-02
1.299095153808593750e-02
1.306700706481933594e-02
1.015090942382812500e-02
1.198983192443847656e-02
9.917259216308593750e-03
9.615182876586914062e-03
1.000595092773437500e-02
9.993076324462890625e-03
1.103901863098144531e-02
9.581804275512695312e-03
9.519338607788085938e-03
1.022887229919433594e-02
9.675979614257812500e-03
9.700298309326171875e-03
9.625911712646484375e-03
1.052212715148925781e-02
9.186983108520507812e-03
1.025199890136718750e-02
9.608983993530273438e-03
8.594751358032226562e-03
9.664058685302734375e-03
9.149074554443359375e-03
1.026320457458496094e-02
1.034498214721679688e-02
2.262878417968750000e-02
1.173901557922363281e-02
9.710788726806640625e-03
9.277105331420898438e-03
9.952068328857421875e-03
9.983062744140625000e-03
1.207685470581054688e-02
1.046800613403320312e-02
1.171898841857910156e-02
1.472210884094238281e-02
1.166605949401855469e-02
9.968042373657226562e-03
1.053595542907714844e-02
9.906053543090820312e-03
1.033616065979003906e-02
1.123619079589843750e-02
1.038098335266113281e-02
9.805679321289062500e-03
1.165914535522460938e-02
1.279306411743164062e-02
1.068806648254394531e-02
1.535391807556152344e-02
1.106500625610351562e-02
1.017594337463378906e-02
1.087927818298339844e-02
1.093506813049316406e-02
1.091504096984863281e-02
1.079297065734863281e-02
1.193499565124511719e-02
1.231408119201660156e-02
1.145505905151367188e-02
1.103997230529785156e-02
1.090097427368164062e-02
1.144194602966308594e-02
1.206922531127929688e-02
1.104116439819335938e-02
1.202201843261718750e-02
1.071000099182128906e-02
1.125574111938476562e-02
1.578688621520996094e-02
1.248717308044433594e-02
1.151895523071289062e-02
1.096200942993164062e-02
1.193284988403320312e-02
1.280283927917480469e-02
1.266598701477050781e-02
1.215410232543945312e-02
1.197028160095214844e-02
1.185607910156250000e-02
1.194596290588378906e-02
1.135277748107910156e-02
1.276493072509765625e-02
1.272296905517578125e-02
1.521611213684082031e-02
1.213073730468750000e-02
1.140403747558593750e-02
1.159906387329101562e-02
1.204800605773925781e-02
1.209187507629394531e-02
1.500082015991210938e-02
1.762819290161132812e-02
1.150083541870117188e-02
1.387381553649902344e-02
1.040601730346679688e-02
1.113319396972656250e-02
1.276612281799316406e-02
1.296877861022949219e-02
1.443195343017578125e-02
1.273894309997558594e-02
1.231098175048828125e-02
1.417589187622070312e-02
1.507616043090820312e-02
1.279401779174804688e-02
1.140880584716796875e-02
1.570105552673339844e-02
1.441192626953125000e-02
1.295304298400878906e-02
1.559114456176757812e-02
1.868104934692382812e-02
4.585695266723632812e-02
1.894497871398925781e-02
1.352715492248535156e-02
1.740097999572753906e-02
1.393222808837890625e-02
1.416397094726562500e-02
1.542305946350097656e-02
1.326489448547363281e-02
1.371788978576660156e-02
1.476693153381347656e-02
2.015280723571777344e-02
1.501011848449707031e-02
1.375412940979003906e-02
1.373505592346191406e-02
1.505184173583984375e-02
1.455998420715332031e-02
1.287603378295898438e-02
1.469612121582031250e-02
1.410079002380371094e-02
1.662611961364746094e-02
1.417875289916992188e-02
1.708912849426269531e-02
1.536083221435546875e-02
1.570510864257812500e-02
1.523399353027343750e-02
1.616287231445312500e-02
1.442909240722656250e-02
1.480031013488769531e-02
1.312398910522460938e-02
1.334381103515625000e-02
1.334810256958007812e-02
1.566624641418457031e-02
1.363992691040039062e-02
1.441097259521484375e-02
1.319384574890136719e-02
1.596403121948242188e-02
1.403474807739257812e-02
1.407575607299804688e-02
1.432299613952636719e-02
1.405596733093261719e-02
1.329302787780761719e-02
1.273512840270996094e-02
1.306271553039550781e-02
1.395606994628906250e-02
1.253080368041992188e-02
1.377892494201660156e-02
1.199102401733398438e-02
1.385402679443359375e-02
1.568794250488281250e-02
1.375484466552734375e-02
1.412892341613769531e-02
1.231002807617187500e-02
1.415801048278808594e-02
1.270699501037597656e-02
1.368594169616699219e-02
1.389122009277343750e-02
1.196384429931640625e-02
1.182293891906738281e-02
1.336908340454101562e-02
1.275897026062011719e-02
1.168894767761230469e-02
1.394891738891601562e-02
1.406908035278320312e-02
1.387500762939453125e-02
1.470017433166503906e-02
1.309418678283691406e-02
1.426792144775390625e-02
1.426005363464355469e-02
1.394915580749511719e-02
1.250100135803222656e-02
1.248097419738769531e-02
1.429891586303710938e-02
1.310896873474121094e-02
1.315212249755859375e-02
1.415896415710449219e-02
1.322412490844726562e-02
1.503014564514160156e-02
1.606988906860351562e-02
1.418089866638183594e-02
1.331210136413574219e-02
1.354718208312988281e-02
1.261210441589355469e-02
1.310014724731445312e-02
2.120184898376464844e-02
1.340007781982421875e-02
1.293897628784179688e-02
1.370811462402343750e-02
1.417803764343261719e-02
1.312303543090820312e-02
1.407480239868164062e-02
1.214313507080078125e-02
1.380395889282226562e-02
1.551890373229980469e-02
1.356101036071777344e-02
1.388716697692871094e-02
1.427197456359863281e-02
1.285505294799804688e-02
1.672101020812988281e-02
1.410508155822753906e-02
1.311802864074707031e-02
1.509499549865722656e-02
1.318097114562988281e-02
1.856398582458496094e-02
1.427102088928222656e-02
1.466178894042968750e-02
1.511812210083007812e-02
1.447176933288574219e-02
1.587414741516113281e-02
1.659512519836425781e-02
1.455903053283691406e-02
1.433014869689941406e-02
1.510071754455566406e-02
1.276516914367675781e-02
1.500701904296875000e-02
1.479911804199218750e-02
1.468801498413085938e-02
1.480007171630859375e-02
1.454162597656250000e-02
2.040290832519531250e-02
1.957035064697265625e-02
1.766204833984375000e-02
2.470993995666503906e-02
1.628375053405761719e-02
2.845096588134765625e-02
1.461911201477050781e-02
1.816201210021972656e-02
3.460812568664550781e-02
1.453733444213867188e-02
1.559090614318847656e-02
1.503992080688476562e-02
1.430201530456542969e-02
2.290105819702148438e-02
1.412391662597656250e-02
1.664328575134277344e-02
1.502609252929687500e-02
1.494598388671875000e-02
1.546192169189453125e-02
1.564431190490722656e-02
1.888322830200195312e-02
1.619124412536621094e-02
1.423621177673339844e-02
1.505827903747558594e-02
1.470589637756347656e-02
1.371788978576660156e-02
1.600384712219238281e-02
1.323580741882324219e-02
1.454496383666992188e-02
1.623487472534179688e-02
1.434898376464843750e-02
1.599788665771484375e-02
1.490712165832519531e-02
1.493978500366210938e-02
1.332402229309082031e-02
1.695513725280761719e-02
1.547789573669433594e-02
1.383233070373535156e-02
1.713275909423828125e-02
1.547980308532714844e-02
1.541399955749511719e-02
1.516795158386230469e-02
1.555991172790527344e-02
1.643919944763183594e-02
1.427006721496582031e-02
1.474785804748535156e-02
1.560187339782714844e-02
1.446485519409179688e-02
1.567983627319335938e-02
1.553201675415039062e-02
1.666736602783203125e-02
1.497530937194824219e-02
1.568889617919921875e-02
1.458692550659179688e-02
1.476097106933593750e-02
1.473116874694824219e-02
1.574873924255371094e-02
1.533389091491699219e-02
1.647615432739257812e-02
1.494216918945312500e-02
1.592183113098144531e-02
1.426219940185546875e-02
1.691603660583496094e-02
1.489305496215820312e-02
1.549696922302246094e-02
1.549386978149414062e-02
1.398396492004394531e-02
1.752185821533203125e-02
2.233314514160156250e-02
1.390695571899414062e-02
1.530480384826660156e-02
1.669406890869140625e-02
1.690483093261718750e-02
1.515007019042968750e-02
1.336598396301269531e-02
1.411795616149902344e-02
1.560807228088378906e-02
1.730513572692871094e-02
1.434707641601562500e-02
1.691436767578125000e-02
1.394677162170410156e-02
1.476192474365234375e-02
1.976704597473144531e-02
1.409482955932617188e-02
2.052092552185058594e-02
1.608085632324218750e-02
1.591491699218750000e-02
1.436901092529296875e-02
1.581811904907226562e-02
1.686882972717285156e-02
1.550412178039550781e-02
1.683092117309570312e-02
1.583003997802734375e-02
1.410984992980957031e-02
1.692509651184082031e-02
1.568603515625000000e-02
1.554369926452636719e-02
1.943206787109375000e-02
1.482295989990234375e-02
1.483988761901855469e-02
1.524996757507324219e-02
1.583790779113769531e-02
1.485204696655273438e-02
1.548004150390625000e-02
1.651287078857421875e-02
1.542687416076660156e-02
1.531696319580078125e-02
1.494669914245605469e-02
1.492190361022949219e-02
1.535797119140625000e-02
1.652097702026367188e-02
1.726889610290527344e-02
1.592493057250976562e-02
1.589393615722656250e-02
1.601099967956542969e-02
1.530814170837402344e-02
1.689195632934570312e-02
1.628017425537109375e-02
1.681995391845703125e-02
1.602482795715332031e-02
1.688694953918457031e-02
1.912188529968261719e-02
1.787590980529785156e-02
1.721978187561035156e-02
1.720666885375976562e-02
1.692175865173339844e-02
1.382613182067871094e-02
1.549601554870605469e-02
1.629805564880371094e-02
2.061295509338378906e-02
1.561498641967773438e-02
1.626610755920410156e-02
1.617813110351562500e-02
1.768803596496582031e-02
1.696014404296875000e-02
1.794314384460449219e-02
1.339602470397949219e-02
1.693916320800781250e-02
1.721501350402832031e-02
1.573109626770019531e-02
1.775908470153808594e-02
1.548385620117187500e-02
1.476311683654785156e-02
1.623678207397460938e-02
1.459574699401855469e-02
1.786994934082031250e-02
1.717281341552734375e-02
1.631307601928710938e-02
1.466417312622070312e-02
1.388192176818847656e-02
1.637482643127441406e-02
1.642107963562011719e-02
1.530122756958007812e-02
1.643490791320800781e-02
1.569628715515136719e-02
1.717376708984375000e-02
1.573991775512695312e-02
1.597213745117187500e-02
1.481819152832031250e-02
1.724100112915039062e-02
1.552605628967285156e-02
1.971793174743652344e-02
1.736927032470703125e-02
1.694416999816894531e-02
1.761507987976074219e-02
1.999783515930175781e-02
1.719212532043457031e-02
1.556396484375000000e-02
1.569890975952148438e-02
1.674771308898925781e-02
1.902079582214355469e-02
1.710104942321777344e-02
1.578497886657714844e-02
1.766395568847656250e-02
1.522898674011230469e-02
1.461124420166015625e-02
1.628088951110839844e-02
1.874279975891113281e-02
1.701402664184570312e-02
1.775383949279785156e-02
1.592087745666503906e-02
1.815295219421386719e-02
1.639223098754882812e-02
1.871299743652343750e-02
1.795506477355957031e-02
1.791000366210937500e-02
1.757073402404785156e-02
1.743102073669433594e-02
1.613712310791015625e-02
1.452589035034179688e-02
2.040290832519531250e-02
2.201509475708007812e-02
2.985501289367675781e-02
2.356290817260742188e-02
4.594898223876953125e-02
2.395009994506835938e-02
1.612496376037597656e-02
1.838612556457519531e-02
1.843881607055664062e-02
1.791000366210937500e-02
1.718282699584960938e-02
1.646900177001953125e-02
1.932501792907714844e-02
1.712584495544433594e-02
1.668572425842285156e-02
1.969003677368164062e-02
1.797199249267578125e-02
2.879381179809570312e-02
1.657700538635253906e-02
1.644277572631835938e-02
2.360296249389648438e-02
1.545500755310058594e-02
1.715993881225585938e-02
2.256679534912109375e-02
1.591706275939941406e-02
1.797890663146972656e-02
1.996326446533203125e-02
1.817774772644042969e-02
1.635384559631347656e-02
1.811289787292480469e-02
1.969599723815917969e-02
1.723861694335937500e-02
1.677083969116210938e-02
2.205300331115722656e-02
2.712821960449218750e-02
3.510808944702148438e-02
1.940989494323730469e-02
2.019381523132324219e-02
1.762485504150390625e-02
1.902198791503906250e-02
1.892304420471191406e-02
1.917290687561035156e-02
1.843810081481933594e-02
2.139306068420410156e-02
1.957082748413085938e-02
3.438186645507812500e-02
1.856994628906250000e-02
2.087688446044921875e-02
1.606607437133789062e-02
1.618289947509765625e-02
1.819920539855957031e-02
1.880812644958496094e-02
1.852798461914062500e-02
1.642489433288574219e-02
1.697993278503417969e-02
2.020597457885742188e-02
1.864910125732421875e-02
2.152204513549804688e-02
2.069568634033203125e-02
2.003788948059082031e-02
2.041196823120117188e-02
1.909995079040527344e-02
2.112483978271484375e-02
1.639914512634277344e-02
2.043175697326660156e-02
1.832389831542968750e-02
1.991891860961914062e-02
2.172708511352539062e-02
1.808094978332519531e-02
1.914119720458984375e-02
1.760983467102050781e-02
2.303886413574218750e-02
2.369379997253417969e-02
1.838827133178710938e-02
3.185725212097167969e-02
1.785492897033691406e-02
2.078485488891601562e-02
1.783704757690429688e-02
2.215790748596191406e-02
1.913118362426757812e-02
1.899290084838867188e-02
2.030611038208007812e-02
1.770520210266113281e-02
1.759505271911621094e-02
2.064013481140136719e-02
2.092695236206054688e-02
1.981163024902343750e-02
2.152204513549804688e-02
1.598429679870605469e-02
1.826286315917968750e-02
1.775693893432617188e-02
1.952099800109863281e-02
2.176213264465332031e-02
1.980686187744140625e-02
1.772308349609375000e-02
1.850700378417968750e-02
2.260494232177734375e-02
3.406906127929687500e-02
2.477097511291503906e-02
1.983308792114257812e-02
2.139902114868164062e-02
1.878905296325683594e-02
1.767992973327636719e-02
3.129911422729492188e-02
1.617908477783203125e-02
1.847314834594726562e-02
2.056598663330078125e-02
1.870489120483398438e-02
1.789593696594238281e-02
1.865005493164062500e-02
2.442526817321777344e-02
1.768803596496582031e-02
1.854896545410156250e-02
1.732993125915527344e-02
1.927399635314941406e-02
1.771926879882812500e-02
1.732707023620605469e-02
1.967000961303710938e-02
2.036714553833007812e-02
2.321910858154296875e-02
1.855993270874023438e-02
1.716089248657226562e-02
1.698803901672363281e-02
1.786327362060546875e-02
1.752305030822753906e-02
1.679897308349609375e-02
2.138376235961914062e-02
2.121186256408691406e-02
1.976609230041503906e-02
1.774477958679199219e-02
1.896691322326660156e-02
1.980900764465332031e-02
1.830482482910156250e-02
2.047300338745117188e-02
1.675391197204589844e-02
2.228498458862304688e-02
1.876974105834960938e-02
1.792407035827636719e-02
1.957678794860839844e-02
2.150201797485351562e-02
2.169895172119140625e-02
1.785326004028320312e-02
1.766204833984375000e-02
1.850008964538574219e-02
1.836991310119628906e-02
1.900315284729003906e-02
1.834511756896972656e-02
1.867198944091796875e-02
1.833987236022949219e-02
1.903390884399414062e-02
2.542901039123535156e-02
2.288722991943359375e-02
1.912498474121093750e-02
1.811194419860839844e-02
1.845192909240722656e-02
2.000713348388671875e-02
2.046585083007812500e-02
2.077579498291015625e-02
1.955604553222656250e-02
2.282190322875976562e-02
1.864504814147949219e-02
2.072024345397949219e-02
2.359318733215332031e-02
2.250695228576660156e-02
2.365589141845703125e-02
1.943898200988769531e-02
1.966595649719238281e-02
2.328705787658691406e-02
2.351498603820800781e-02
2.053523063659667969e-02
1.958608627319335938e-02
2.131891250610351562e-02
3.227114677429199219e-02
2.162384986877441406e-02
2.390503883361816406e-02
3.764820098876953125e-02
2.333402633666992188e-02
2.085614204406738281e-02
2.089285850524902344e-02
2.056908607482910156e-02
2.152991294860839844e-02
1.963520050048828125e-02
2.214503288269042969e-02
1.997995376586914062e-02
2.091217041015625000e-02
1.998901367187500000e-02
2.101802825927734375e-02
1.964378356933593750e-02
1.936888694763183594e-02
1.962208747863769531e-02
1.960897445678710938e-02
2.062702178955078125e-02
2.053713798522949219e-02
2.373099327087402344e-02
2.243471145629882812e-02
2.239918708801269531e-02
1.951694488525390625e-02
3.110599517822265625e-02
1.911091804504394531e-02
1.931524276733398438e-02
2.194404602050781250e-02
2.124118804931640625e-02
2.035212516784667969e-02
2.383112907409667969e-02
2.268695831298828125e-02
2.053093910217285156e-02
2.389717102050781250e-02
2.087187767028808594e-02
2.061700820922851562e-02
2.064514160156250000e-02
3.725171089172363281e-02
1.990008354187011719e-02
2.032303810119628906e-02
2.236223220825195312e-02
2.063584327697753906e-02
2.060198783874511719e-02
2.695083618164062500e-02
2.053475379943847656e-02
2.072024345397949219e-02
2.531194686889648438e-02
2.229189872741699219e-02
1.991415023803710938e-02
2.408194541931152344e-02
2.326393127441406250e-02
2.043509483337402344e-02
2.154707908630371094e-02
2.189302444458007812e-02
2.349376678466796875e-02
2.264022827148437500e-02
2.134132385253906250e-02
1.962900161743164062e-02
2.100610733032226562e-02
2.058291435241699219e-02
2.669787406921386719e-02
2.466607093811035156e-02
2.627420425415039062e-02
2.763390541076660156e-02
2.648282051086425781e-02
2.751779556274414062e-02
2.156591415405273438e-02
2.136802673339843750e-02
2.266287803649902344e-02
2.267003059387207031e-02
2.002692222595214844e-02
1.950907707214355469e-02
1.983523368835449219e-02
2.091908454895019531e-02
2.575421333312988281e-02
2.208876609802246094e-02
2.793979644775390625e-02
2.021694183349609375e-02
2.369403839111328125e-02
2.332091331481933594e-02
2.044320106506347656e-02
2.514004707336425781e-02
2.400302886962890625e-02
2.711915969848632812e-02
2.591514587402343750e-02
3.010201454162597656e-02
2.347493171691894531e-02
3.437209129333496094e-02
2.854824066162109375e-02
2.652287483215332031e-02
2.732491493225097656e-02
2.820086479187011719e-02
2.242207527160644531e-02
2.353620529174804688e-02
2.588677406311035156e-02
3.267002105712890625e-02
2.949595451354980469e-02
2.254509925842285156e-02
2.234816551208496094e-02
2.406096458435058594e-02
2.235436439514160156e-02
2.662086486816406250e-02
2.433991432189941406e-02
3.633999824523925781e-02
2.311706542968750000e-02
2.188014984130859375e-02
2.451395988464355469e-02
2.425074577331542969e-02
2.369499206542968750e-02
2.409696578979492188e-02
2.407002449035644531e-02
2.635192871093750000e-02
3.120303153991699219e-02
2.288484573364257812e-02
2.298808097839355469e-02
2.505183219909667969e-02
2.903509140014648438e-02
3.081488609313964844e-02
2.254819869995117188e-02
2.310609817504882812e-02
2.613878250122070312e-02
2.212405204772949219e-02
2.525377273559570312e-02
2.790498733520507812e-02
2.793312072753906250e-02
2.910304069519042969e-02
2.317404747009277344e-02
2.088999748229980469e-02
3.770017623901367188e-02
2.505183219909667969e-02
2.436900138854980469e-02
2.884292602539062500e-02
2.182698249816894531e-02
3.080987930297851562e-02
2.498316764831542969e-02
2.138328552246093750e-02
2.175903320312500000e-02
2.367997169494628906e-02
2.342295646667480469e-02
2.914214134216308594e-02
2.423810958862304688e-02
2.496099472045898438e-02
2.584481239318847656e-02
2.551436424255371094e-02
2.393388748168945312e-02
2.250599861145019531e-02
2.318596839904785156e-02
3.673505783081054688e-02
2.284812927246093750e-02
2.185606956481933594e-02
2.349090576171875000e-02
2.157998085021972656e-02
2.370500564575195312e-02
2.554798126220703125e-02
2.234005928039550781e-02
2.498698234558105469e-02
2.120089530944824219e-02
2.568387985229492188e-02
2.570700645446777344e-02
2.238011360168457031e-02
2.110004425048828125e-02
3.783035278320312500e-02
4.103302955627441406e-02
2.228617668151855469e-02
2.637887001037597656e-02
2.982616424560546875e-02
3.171420097351074219e-02
3.339695930480957031e-02
2.456212043762207031e-02
2.234292030334472656e-02
3.437590599060058594e-02
2.216911315917968750e-02
2.374291419982910156e-02
2.178382873535156250e-02
2.564096450805664062e-02
3.230500221252441406e-02
2.286791801452636719e-02
2.553606033325195312e-02
2.569389343261718750e-02
2.560496330261230469e-02
2.618384361267089844e-02
2.526497840881347656e-02
2.446818351745605469e-02
2.609705924987792969e-02
2.209210395812988281e-02
2.209997177124023438e-02
2.493715286254882812e-02
2.430009841918945312e-02
2.495098114013671875e-02
2.194976806640625000e-02
2.477717399597167969e-02
2.518296241760253906e-02
2.168488502502441406e-02
2.433919906616210938e-02
2.440690994262695312e-02
2.460384368896484375e-02
2.433514595031738281e-02
2.474331855773925781e-02
3.809595108032226562e-02
2.972698211669921875e-02
2.366399765014648438e-02
4.925704002380371094e-02
4.042410850524902344e-02
2.155470848083496094e-02
3.862190246582031250e-02
2.982020378112792969e-02
3.325700759887695312e-02
2.238893508911132812e-02
2.846693992614746094e-02
3.269219398498535156e-02
3.385686874389648438e-02
2.536487579345703125e-02
2.492809295654296875e-02
2.403688430786132812e-02
2.878379821777343750e-02
2.268981933593750000e-02
3.011989593505859375e-02
3.091621398925781250e-02
2.414107322692871094e-02
2.366518974304199219e-02
2.545285224914550781e-02
2.538895606994628906e-02
2.607393264770507812e-02
2.457022666931152344e-02
2.541613578796386719e-02
2.503108978271484375e-02
2.673888206481933594e-02
2.526187896728515625e-02
2.627396583557128906e-02
2.436780929565429688e-02
2.867889404296875000e-02
2.549290657043457031e-02
2.334165573120117188e-02
2.532720565795898438e-02
2.333474159240722656e-02
3.121495246887207031e-02
2.664375305175781250e-02
3.443217277526855469e-02
2.281117439270019531e-02
2.886795997619628906e-02
2.944302558898925781e-02
2.680087089538574219e-02
2.342295646667480469e-02
2.938413619995117188e-02
2.838611602783203125e-02
4.211711883544921875e-02
2.316117286682128906e-02
2.257204055786132812e-02
2.854299545288085938e-02
2.776694297790527344e-02
2.341413497924804688e-02
2.329492568969726562e-02
3.289604187011718750e-02
3.067278861999511719e-02
4.459905624389648438e-02
2.523612976074218750e-02
2.661919593811035156e-02
3.598999977111816406e-02
3.312683105468750000e-02
2.504992485046386719e-02
2.942109107971191406e-02
3.032088279724121094e-02
2.612781524658203125e-02
2.446699142456054688e-02
2.336001396179199219e-02
2.316808700561523438e-02
2.927803993225097656e-02
2.501916885375976562e-02
2.299404144287109375e-02
2.385830879211425781e-02
2.707099914550781250e-02
3.490686416625976562e-02
2.434492111206054688e-02
2.181816101074218750e-02
2.577304840087890625e-02
4.331421852111816406e-02
5.913805961608886719e-02
3.314685821533203125e-02
4.670214653015136719e-02
2.326798439025878906e-02
2.810096740722656250e-02
3.123784065246582031e-02
2.233600616455078125e-02
2.486896514892578125e-02
2.311992645263671875e-02
2.309203147888183594e-02
2.831792831420898438e-02
2.716779708862304688e-02
2.520394325256347656e-02
2.391099929809570312e-02
2.468681335449218750e-02
2.925801277160644531e-02
2.730512619018554688e-02
2.330613136291503906e-02
2.997589111328125000e-02
3.816294670104980469e-02
2.950501441955566406e-02
2.384710311889648438e-02
2.655577659606933594e-02
2.633500099182128906e-02
3.054881095886230469e-02
2.400588989257812500e-02
2.317810058593750000e-02
2.372288703918457031e-02
2.433586120605468750e-02
2.732801437377929688e-02
2.775979042053222656e-02
2.277803421020507812e-02
2.393078804016113281e-02
3.032803535461425781e-02
2.515625953674316406e-02
2.831506729125976562e-02
2.298593521118164062e-02
2.725005149841308594e-02
2.474594116210937500e-02
2.479219436645507812e-02
2.357387542724609375e-02
2.267599105834960938e-02
3.516983985900878906e-02
2.990579605102539062e-02
3.280091285705566406e-02
2.252292633056640625e-02
2.682399749755859375e-02
3.154110908508300781e-02
2.733111381530761719e-02
2.449607849121093750e-02
2.350497245788574219e-02
2.654814720153808594e-02
2.268600463867187500e-02
2.348494529724121094e-02
2.654480934143066406e-02
2.501583099365234375e-02
3.849172592163085938e-02
3.282618522644042969e-02
3.049015998840332031e-02
2.298593521118164062e-02
2.496790885925292969e-02
2.725505828857421875e-02
2.705907821655273438e-02
3.046298027038574219e-02
2.591514587402343750e-02
2.595400810241699219e-02
2.508091926574707031e-02
2.598905563354492188e-02
2.420210838317871094e-02
3.586673736572265625e-02
2.688407897949218750e-02
2.482199668884277344e-02
3.544402122497558594e-02
2.483105659484863281e-02
2.352523803710937500e-02
2.742314338684082031e-02
2.641916275024414062e-02
2.841806411743164062e-02
2.693605422973632812e-02
2.405309677124023438e-02
2.742815017700195312e-02
2.497625350952148438e-02
2.555704116821289062e-02
2.914810180664062500e-02
2.595973014831542969e-02
2.534675598144531250e-02
2.412700653076171875e-02
2.362179756164550781e-02
2.374291419982910156e-02
2.700996398925781250e-02
2.314686775207519531e-02
2.450513839721679688e-02
2.430510520935058594e-02
2.888393402099609375e-02
2.362108230590820312e-02
2.570986747741699219e-02
2.617192268371582031e-02
2.852034568786621094e-02
2.234077453613281250e-02
2.997183799743652344e-02
2.848982810974121094e-02
2.953410148620605469e-02
2.645993232727050781e-02
2.520775794982910156e-02
2.311611175537109375e-02
2.380681037902832031e-02
2.367377281188964844e-02
2.612709999084472656e-02
2.252578735351562500e-02
2.462601661682128906e-02
2.670121192932128906e-02
2.659368515014648438e-02
2.967596054077148438e-02
2.793312072753906250e-02
3.290390968322753906e-02
2.514791488647460938e-02
3.134107589721679688e-02
3.240299224853515625e-02
2.871084213256835938e-02
2.551817893981933594e-02
2.525424957275390625e-02
2.545094490051269531e-02
2.486300468444824219e-02
3.313803672790527344e-02
2.275991439819335938e-02
2.910804748535156250e-02
2.282214164733886719e-02
2.313184738159179688e-02
3.207087516784667969e-02
2.806901931762695312e-02
3.197026252746582031e-02
3.719210624694824219e-02
2.487611770629882812e-02
3.005433082580566406e-02
2.679109573364257812e-02
3.072404861450195312e-02
3.457689285278320312e-02
4.062199592590332031e-02
2.493596076965332031e-02
2.467107772827148438e-02
3.770017623901367188e-02
2.908492088317871094e-02
3.187608718872070312e-02
2.402305603027343750e-02
2.560687065124511719e-02
2.508473396301269531e-02
3.791809082031250000e-02
3.075599670410156250e-02
2.519083023071289062e-02
2.416396141052246094e-02
2.277207374572753906e-02
2.489495277404785156e-02
2.457785606384277344e-02
2.438998222351074219e-02
2.593708038330078125e-02
2.434492111206054688e-02
2.917623519897460938e-02
3.837800025939941406e-02
2.442598342895507812e-02
2.466082572937011719e-02
2.843809127807617188e-02
2.538585662841796875e-02
2.819609642028808594e-02
2.634811401367187500e-02
2.973890304565429688e-02
2.546501159667968750e-02
3.206872940063476562e-02
3.012800216674804688e-02
3.082394599914550781e-02
2.798318862915039062e-02
2.599191665649414062e-02
2.702474594116210938e-02
2.328991889953613281e-02
2.581214904785156250e-02
2.777481079101562500e-02
2.713489532470703125e-02
3.342509269714355469e-02
2.290892601013183594e-02
2.805089950561523438e-02
2.653813362121582031e-02
3.384780883789062500e-02
3.069019317626953125e-02
2.731704711914062500e-02
2.819705009460449219e-02
3.252887725830078125e-02
2.989220619201660156e-02
4.303526878356933594e-02
3.708791732788085938e-02
3.096294403076171875e-02
8.413696289062500000e-02
5.813312530517578125e-02
2.423095703125000000e-02
2.711701393127441406e-02
2.811288833618164062e-02
2.478408813476562500e-02
2.932190895080566406e-02
4.377484321594238281e-02
2.495479583740234375e-02
3.204512596130371094e-02
7.576489448547363281e-02
2.632713317871093750e-02
5.113124847412109375e-02
4.771614074707031250e-02
2.479529380798339844e-02
2.296924591064453125e-02
2.560782432556152344e-02
3.991770744323730469e-02
4.985713958740234375e-02
4.535198211669921875e-02
2.548503875732421875e-02
4.751014709472656250e-02
3.324818611145019531e-02
3.253197669982910156e-02
4.461526870727539062e-02
4.351282119750976562e-02
3.576302528381347656e-02
2.885770797729492188e-02
2.457809448242187500e-02
2.414727210998535156e-02
2.797412872314453125e-02
3.528285026550292969e-02
3.486418724060058594e-02
3.082871437072753906e-02
3.558278083801269531e-02
3.649806976318359375e-02
5.290508270263671875e-02
6.325817108154296875e-02
3.074002265930175781e-02
4.308295249938964844e-02
2.960085868835449219e-02
1.095609664916992188e-01
8.042693138122558594e-02
4.548311233520507812e-02
3.194499015808105469e-02
2.446413040161132812e-02
4.397988319396972656e-02
3.745794296264648438e-02
5.325388908386230469e-02
6.316494941711425781e-02
