1.589402695930026054e+09 0.000000000000000000e+00
1.589402696033208132e+09 1.000000000000000000e+00
1.589402696066665888e+09 2.000000000000000000e+00
1.589402696114540100e+09 3.000000000000000000e+00
1.589402696157742023e+09 4.000000000000000000e+00
1.589402696199831963e+09 5.000000000000000000e+00
1.589402696240262985e+09 6.000000000000000000e+00
1.589402696283303022e+09 7.000000000000000000e+00
1.589402696327753067e+09 8.000000000000000000e+00
1.589402696364698887e+09 9.000000000000000000e+00
1.589402696413773060e+09 1.000000000000000000e+01
1.589402696455067873e+09 1.100000000000000000e+01
1.589402696496362925e+09 1.200000000000000000e+01
1.589402696542181969e+09 1.300000000000000000e+01
1.589402696596090794e+09 1.400000000000000000e+01
1.589402696638306141e+09 1.500000000000000000e+01
1.589402696678827047e+09 1.600000000000000000e+01
1.589402696728981972e+09 1.700000000000000000e+01
1.589402696767529011e+09 1.800000000000000000e+01
1.589402696810487986e+09 1.900000000000000000e+01
1.589402696854021788e+09 2.000000000000000000e+01
1.589402696895674944e+09 2.100000000000000000e+01
1.589402696941861868e+09 2.200000000000000000e+01
1.589402696981263876e+09 2.300000000000000000e+01
1.589402697027343035e+09 2.400000000000000000e+01
1.589402697069913149e+09 2.500000000000000000e+01
1.589402697107365131e+09 2.600000000000000000e+01
1.589402697155831099e+09 2.700000000000000000e+01
1.589402697194058895e+09 2.800000000000000000e+01
1.589402697236444950e+09 2.900000000000000000e+01
1.589402697272629023e+09 3.000000000000000000e+01
1.589402697316668987e+09 3.100000000000000000e+01
1.589402697358448982e+09 3.200000000000000000e+01
1.589402697398885012e+09 3.300000000000000000e+01
1.589402697442138910e+09 3.400000000000000000e+01
1.589402697482882023e+09 3.500000000000000000e+01
1.589402697523277998e+09 3.600000000000000000e+01
1.589402697570070028e+09 3.700000000000000000e+01
1.589402697611986876e+09 3.800000000000000000e+01
1.589402697650729895e+09 3.900000000000000000e+01
1.589402697692155838e+09 4.000000000000000000e+01
1.589402697729856968e+09 4.100000000000000000e+01
1.589402697773388147e+09 4.200000000000000000e+01
1.589402697812244892e+09 4.300000000000000000e+01
1.589402697855802774e+09 4.400000000000000000e+01
1.589402697896412849e+09 4.500000000000000000e+01
1.589402697935296059e+09 4.600000000000000000e+01
1.589402697974512100e+09 4.700000000000000000e+01
1.589402698013626814e+09 4.800000000000000000e+01
1.589402698058929920e+09 4.900000000000000000e+01
1.589402698099407196e+09 5.000000000000000000e+01
1.589402698138489008e+09 5.100000000000000000e+01
1.589402698178039074e+09 5.200000000000000000e+01
1.589402698223027945e+09 5.300000000000000000e+01
1.589402698262124062e+09 5.400000000000000000e+01
1.589402698304047108e+09 5.500000000000000000e+01
1.589402698341082096e+09 5.600000000000000000e+01
1.589402698380022049e+09 5.700000000000000000e+01
1.589402698419847012e+09 5.800000000000000000e+01
1.589402698453786850e+09 5.900000000000000000e+01
1.589402698493311882e+09 6.000000000000000000e+01
1.589402698534249067e+09 6.100000000000000000e+01
1.589402698572283983e+09 6.200000000000000000e+01
1.589402698612704992e+09 6.300000000000000000e+01
1.589402698656279087e+09 6.400000000000000000e+01
1.589402698695945024e+09 6.500000000000000000e+01
1.589402698740302086e+09 6.600000000000000000e+01
1.589402698784304142e+09 6.700000000000000000e+01
1.589402698826483011e+09 6.800000000000000000e+01
1.589402698869436979e+09 6.900000000000000000e+01
1.589402698909698009e+09 7.000000000000000000e+01
1.589402698954245806e+09 7.100000000000000000e+01
1.589402698993113995e+09 7.200000000000000000e+01
1.589402699038503885e+09 7.300000000000000000e+01
1.589402699079260826e+09 7.400000000000000000e+01
1.589402699130874157e+09 7.500000000000000000e+01
1.589402699170326948e+09 7.600000000000000000e+01
1.589402699211009979e+09 7.700000000000000000e+01
1.589402699252623796e+09 7.800000000000000000e+01
1.589402699294392109e+09 7.900000000000000000e+01
1.589402699337127924e+09 8.000000000000000000e+01
1.589402699380640030e+09 8.100000000000000000e+01
1.589402699423489094e+09 8.200000000000000000e+01
1.589402699462711096e+09 8.300000000000000000e+01
1.589402699503960133e+09 8.400000000000000000e+01
1.589402699548972130e+09 8.500000000000000000e+01
1.589402699590085983e+09 8.600000000000000000e+01
1.589402699633707047e+09 8.700000000000000000e+01
1.589402699676651001e+09 8.800000000000000000e+01
1.589402699739441872e+09 8.900000000000000000e+01
1.589402699786349058e+09 9.000000000000000000e+01
1.589402699829066992e+09 9.100000000000000000e+01
1.589402699873594761e+09 9.200000000000000000e+01
1.589402699918118000e+09 9.300000000000000000e+01
1.589402699957754135e+09 9.400000000000000000e+01
1.589402700004241943e+09 9.500000000000000000e+01
1.589402700056635857e+09 9.600000000000000000e+01
1.589402700110700130e+09 9.700000000000000000e+01
1.589402700176695108e+09 9.800000000000000000e+01
1.589402700236143112e+09 9.900000000000000000e+01
1.589402700335774899e+09 1.000000000000000000e+02
1.589402700410266161e+09 1.010000000000000000e+02
1.589402700504800081e+09 1.020000000000000000e+02
1.589402700561701775e+09 1.030000000000000000e+02
1.589402700615930080e+09 1.040000000000000000e+02
1.589402700655202150e+09 1.050000000000000000e+02
1.589402700697328091e+09 1.060000000000000000e+02
1.589402700739099979e+09 1.070000000000000000e+02
1.589402700784645081e+09 1.080000000000000000e+02
1.589402700826281071e+09 1.090000000000000000e+02
1.589402700877949953e+09 1.100000000000000000e+02
1.589402700943073988e+09 1.110000000000000000e+02
1.589402700996263981e+09 1.120000000000000000e+02
1.589402701051281929e+09 1.130000000000000000e+02
1.589402701104007959e+09 1.140000000000000000e+02
1.589402701147226810e+09 1.150000000000000000e+02
1.589402701196809053e+09 1.160000000000000000e+02
1.589402701245050907e+09 1.170000000000000000e+02
1.589402701302006960e+09 1.180000000000000000e+02
1.589402701361294985e+09 1.190000000000000000e+02
1.589402701423296928e+09 1.200000000000000000e+02
1.589402701478985071e+09 1.210000000000000000e+02
1.589402701535125971e+09 1.220000000000000000e+02
1.589402701584186077e+09 1.230000000000000000e+02
1.589402701644687176e+09 1.240000000000000000e+02
1.589402701706481934e+09 1.250000000000000000e+02
1.589402701778450012e+09 1.260000000000000000e+02
1.589402701844229937e+09 1.270000000000000000e+02
1.589402701907830954e+09 1.280000000000000000e+02
1.589402701958117008e+09 1.290000000000000000e+02
1.589402702003309011e+09 1.300000000000000000e+02
1.589402702052810907e+09 1.310000000000000000e+02
1.589402702108005047e+09 1.320000000000000000e+02
1.589402702168344975e+09 1.330000000000000000e+02
1.589402702242703915e+09 1.340000000000000000e+02
1.589402702300017834e+09 1.350000000000000000e+02
1.589402702346236944e+09 1.360000000000000000e+02
1.589402702394318104e+09 1.370000000000000000e+02
1.589402702442795992e+09 1.380000000000000000e+02
1.589402702487884045e+09 1.390000000000000000e+02
1.589402702537212849e+09 1.400000000000000000e+02
1.589402702584677935e+09 1.410000000000000000e+02
1.589402702630084038e+09 1.420000000000000000e+02
1.589402702673093796e+09 1.430000000000000000e+02
1.589402702731941938e+09 1.440000000000000000e+02
1.589402702795228958e+09 1.450000000000000000e+02
1.589402702847975016e+09 1.460000000000000000e+02
1.589402702902768135e+09 1.470000000000000000e+02
1.589402702956379890e+09 1.480000000000000000e+02
1.589402703010494947e+09 1.490000000000000000e+02
1.589402703067838907e+09 1.500000000000000000e+02
1.589402703120122194e+09 1.510000000000000000e+02
1.589402703182662964e+09 1.520000000000000000e+02
1.589402703245028019e+09 1.530000000000000000e+02
1.589402703302775145e+09 1.540000000000000000e+02
1.589402703349763155e+09 1.550000000000000000e+02
1.589402703396182060e+09 1.560000000000000000e+02
1.589402703442192793e+09 1.570000000000000000e+02
1.589402703490525961e+09 1.580000000000000000e+02
1.589402703540790081e+09 1.590000000000000000e+02
1.589402703584827900e+09 1.600000000000000000e+02
1.589402703638728857e+09 1.610000000000000000e+02
1.589402703684188843e+09 1.620000000000000000e+02
1.589402703732040882e+09 1.630000000000000000e+02
1.589402703781779051e+09 1.640000000000000000e+02
1.589402703825918913e+09 1.650000000000000000e+02
1.589402703870558023e+09 1.660000000000000000e+02
1.589402703923962116e+09 1.670000000000000000e+02
1.589402703976081848e+09 1.680000000000000000e+02
1.589402704031280994e+09 1.690000000000000000e+02
1.589402704078793049e+09 1.700000000000000000e+02
1.589402704124868155e+09 1.710000000000000000e+02
1.589402704169445992e+09 1.720000000000000000e+02
1.589402704222710133e+09 1.730000000000000000e+02
1.589402704270076990e+09 1.740000000000000000e+02
1.589402704317095995e+09 1.750000000000000000e+02
1.589402704371942997e+09 1.760000000000000000e+02
1.589402704426158190e+09 1.770000000000000000e+02
1.589402704486162901e+09 1.780000000000000000e+02
1.589402704547490120e+09 1.790000000000000000e+02
1.589402704599595070e+09 1.800000000000000000e+02
1.589402704649925232e+09 1.810000000000000000e+02
1.589402704698444128e+09 1.820000000000000000e+02
1.589402704745894909e+09 1.830000000000000000e+02
1.589402704796759129e+09 1.840000000000000000e+02
1.589402704846498013e+09 1.850000000000000000e+02
1.589402704892937899e+09 1.860000000000000000e+02
1.589402704938271046e+09 1.870000000000000000e+02
1.589402704985975027e+09 1.880000000000000000e+02
1.589402705043209076e+09 1.890000000000000000e+02
1.589402705096343994e+09 1.900000000000000000e+02
1.589402705144919157e+09 1.910000000000000000e+02
1.589402705192425013e+09 1.920000000000000000e+02
1.589402705232939959e+09 1.930000000000000000e+02
1.589402705281939030e+09 1.940000000000000000e+02
1.589402705323776007e+09 1.950000000000000000e+02
1.589402705366577864e+09 1.960000000000000000e+02
1.589402705415258884e+09 1.970000000000000000e+02
1.589402705466007948e+09 1.980000000000000000e+02
1.589402705539076090e+09 1.990000000000000000e+02
1.589402705599530935e+09 2.000000000000000000e+02
1.589402705663800001e+09 2.010000000000000000e+02
1.589402705726776123e+09 2.020000000000000000e+02
1.589402705785269022e+09 2.030000000000000000e+02
1.589402705836243868e+09 2.040000000000000000e+02
1.589402705888103008e+09 2.050000000000000000e+02
1.589402705935214043e+09 2.060000000000000000e+02
1.589402705981502056e+09 2.070000000000000000e+02
1.589402706032687187e+09 2.080000000000000000e+02
1.589402706081485033e+09 2.090000000000000000e+02
1.589402706127624989e+09 2.100000000000000000e+02
1.589402706181803942e+09 2.110000000000000000e+02
1.589402706231523037e+09 2.120000000000000000e+02
1.589402706275794029e+09 2.130000000000000000e+02
1.589402706329674959e+09 2.140000000000000000e+02
1.589402706374898911e+09 2.150000000000000000e+02
1.589402706421715021e+09 2.160000000000000000e+02
1.589402706479721069e+09 2.170000000000000000e+02
1.589402706523751020e+09 2.180000000000000000e+02
1.589402706569761992e+09 2.190000000000000000e+02
1.589402706624580145e+09 2.200000000000000000e+02
1.589402706670704842e+09 2.210000000000000000e+02
1.589402706735945940e+09 2.220000000000000000e+02
1.589402706794631958e+09 2.230000000000000000e+02
1.589402706847689867e+09 2.240000000000000000e+02
1.589402706902913094e+09 2.250000000000000000e+02
1.589402706962083101e+09 2.260000000000000000e+02
1.589402707018798113e+09 2.270000000000000000e+02
1.589402707071980953e+09 2.280000000000000000e+02
1.589402707127364159e+09 2.290000000000000000e+02
1.589402707190798044e+09 2.300000000000000000e+02
1.589402707256725073e+09 2.310000000000000000e+02
1.589402707341554880e+09 2.320000000000000000e+02
1.589402707412623167e+09 2.330000000000000000e+02
1.589402707472146988e+09 2.340000000000000000e+02
1.589402707542819977e+09 2.350000000000000000e+02
1.589402707606292963e+09 2.360000000000000000e+02
1.589402707656155825e+09 2.370000000000000000e+02
1.589402707722732067e+09 2.380000000000000000e+02
1.589402707769398928e+09 2.390000000000000000e+02
1.589402707825622082e+09 2.400000000000000000e+02
1.589402707883158922e+09 2.410000000000000000e+02
1.589402707924940109e+09 2.420000000000000000e+02
1.589402707976857185e+09 2.430000000000000000e+02
1.589402708045897961e+09 2.440000000000000000e+02
1.589402708114732027e+09 2.450000000000000000e+02
1.589402708169377089e+09 2.460000000000000000e+02
1.589402708220141172e+09 2.470000000000000000e+02
1.589402708270437956e+09 2.480000000000000000e+02
1.589402708315379858e+09 2.490000000000000000e+02
1.589402708361639023e+09 2.500000000000000000e+02
1.589402708410255194e+09 2.510000000000000000e+02
1.589402708454842806e+09 2.520000000000000000e+02
1.589402708497736931e+09 2.530000000000000000e+02
1.589402708543075085e+09 2.540000000000000000e+02
1.589402708590022802e+09 2.550000000000000000e+02
1.589402708634849072e+09 2.560000000000000000e+02
1.589402708679423094e+09 2.570000000000000000e+02
1.589402708727776051e+09 2.580000000000000000e+02
1.589402708772616863e+09 2.590000000000000000e+02
1.589402708819336891e+09 2.600000000000000000e+02
1.589402708875723124e+09 2.610000000000000000e+02
1.589402708942385912e+09 2.620000000000000000e+02
1.589402709017860174e+09 2.630000000000000000e+02
1.589402709057034969e+09 2.640000000000000000e+02
1.589402709143119812e+09 2.650000000000000000e+02
1.589402709241786957e+09 2.660000000000000000e+02
1.589402709324221849e+09 2.670000000000000000e+02
1.589402709433659792e+09 2.680000000000000000e+02
1.589402709502214909e+09 2.690000000000000000e+02
1.589402709568831921e+09 2.700000000000000000e+02
1.589402709644616842e+09 2.710000000000000000e+02
1.589402709720139027e+09 2.720000000000000000e+02
1.589402709804303885e+09 2.730000000000000000e+02
1.589402709857069016e+09 2.740000000000000000e+02
1.589402709908875942e+09 2.750000000000000000e+02
1.589402709968467951e+09 2.760000000000000000e+02
1.589402710016646862e+09 2.770000000000000000e+02
1.589402710067437172e+09 2.780000000000000000e+02
1.589402710123335838e+09 2.790000000000000000e+02
1.589402710181135893e+09 2.800000000000000000e+02
1.589402710236500978e+09 2.810000000000000000e+02
1.589402710305361986e+09 2.820000000000000000e+02
1.589402710350353003e+09 2.830000000000000000e+02
1.589402710410982847e+09 2.840000000000000000e+02
1.589402710477093935e+09 2.850000000000000000e+02
1.589402710567566156e+09 2.860000000000000000e+02
1.589402710655671120e+09 2.870000000000000000e+02
1.589402710751762867e+09 2.880000000000000000e+02
1.589402710817430973e+09 2.890000000000000000e+02
1.589402710872590065e+09 2.900000000000000000e+02
1.589402710930170059e+09 2.910000000000000000e+02
1.589402711007791042e+09 2.920000000000000000e+02
1.589402711058104992e+09 2.930000000000000000e+02
1.589402711130851984e+09 2.940000000000000000e+02
1.589402711191720009e+09 2.950000000000000000e+02
1.589402711253094912e+09 2.960000000000000000e+02
1.589402711308594942e+09 2.970000000000000000e+02
1.589402711387442827e+09 2.980000000000000000e+02
1.589402711497912169e+09 2.990000000000000000e+02
1.589402711565958977e+09 3.000000000000000000e+02
1.589402711674679995e+09 3.010000000000000000e+02
1.589402711753067017e+09 3.020000000000000000e+02
1.589402711813958883e+09 3.030000000000000000e+02
1.589402711912666082e+09 3.040000000000000000e+02
1.589402711994223118e+09 3.050000000000000000e+02
1.589402712090997934e+09 3.060000000000000000e+02
1.589402712183866024e+09 3.070000000000000000e+02
1.589402712265743017e+09 3.080000000000000000e+02
1.589402712349274158e+09 3.090000000000000000e+02
1.589402712406922102e+09 3.100000000000000000e+02
1.589402712464591980e+09 3.110000000000000000e+02
1.589402712543921947e+09 3.120000000000000000e+02
1.589402712601703882e+09 3.130000000000000000e+02
1.589402712674633980e+09 3.140000000000000000e+02
1.589402712769551039e+09 3.150000000000000000e+02
1.589402712841171026e+09 3.160000000000000000e+02
1.589402712907034874e+09 3.170000000000000000e+02
1.589402712979766130e+09 3.180000000000000000e+02
1.589402713063318014e+09 3.190000000000000000e+02
1.589402713139970064e+09 3.200000000000000000e+02
1.589402713228003979e+09 3.210000000000000000e+02
1.589402713298134089e+09 3.220000000000000000e+02
1.589402713360908985e+09 3.230000000000000000e+02
1.589402713407781124e+09 3.240000000000000000e+02
1.589402713459681988e+09 3.250000000000000000e+02
1.589402713517097950e+09 3.260000000000000000e+02
1.589402713569552898e+09 3.270000000000000000e+02
1.589402713634065866e+09 3.280000000000000000e+02
1.589402713712120056e+09 3.290000000000000000e+02
1.589402713800752163e+09 3.300000000000000000e+02
1.589402713886875868e+09 3.310000000000000000e+02
1.589402713962252140e+09 3.320000000000000000e+02
1.589402714007379055e+09 3.330000000000000000e+02
1.589402714057769060e+09 3.340000000000000000e+02
1.589402714122976065e+09 3.350000000000000000e+02
1.589402714196445942e+09 3.360000000000000000e+02
1.589402714257076025e+09 3.370000000000000000e+02
1.589402714321599007e+09 3.380000000000000000e+02
1.589402714392957926e+09 3.390000000000000000e+02
1.589402714556375027e+09 3.400000000000000000e+02
1.589402714670531034e+09 3.410000000000000000e+02
1.589402714775393963e+09 3.420000000000000000e+02
1.589402714936309099e+09 3.430000000000000000e+02
1.589402715031737089e+09 3.440000000000000000e+02
1.589402715121248960e+09 3.450000000000000000e+02
1.589402715182976007e+09 3.460000000000000000e+02
1.589402715261641979e+09 3.470000000000000000e+02
1.589402715340008974e+09 3.480000000000000000e+02
1.589402715414661169e+09 3.490000000000000000e+02
1.589402715537655115e+09 3.500000000000000000e+02
1.589402715620436907e+09 3.510000000000000000e+02
1.589402715709780931e+09 3.520000000000000000e+02
1.589402715814337015e+09 3.530000000000000000e+02
1.589402715869469881e+09 3.540000000000000000e+02
1.589402715937813997e+09 3.550000000000000000e+02
1.589402715999490976e+09 3.560000000000000000e+02
1.589402716084944963e+09 3.570000000000000000e+02
1.589402716169861794e+09 3.580000000000000000e+02
1.589402716227301836e+09 3.590000000000000000e+02
1.589402716287979126e+09 3.600000000000000000e+02
1.589402716367003918e+09 3.610000000000000000e+02
1.589402716443917990e+09 3.620000000000000000e+02
1.589402716512835026e+09 3.630000000000000000e+02
1.589402716592340946e+09 3.640000000000000000e+02
1.589402716659885168e+09 3.650000000000000000e+02
1.589402716730393171e+09 3.660000000000000000e+02
1.589402716808382988e+09 3.670000000000000000e+02
1.589402716882456064e+09 3.680000000000000000e+02
1.589402716946534872e+09 3.690000000000000000e+02
1.589402717010970116e+09 3.700000000000000000e+02
1.589402717071684122e+09 3.710000000000000000e+02
1.589402717136481047e+09 3.720000000000000000e+02
1.589402717213393927e+09 3.730000000000000000e+02
1.589402717266376972e+09 3.740000000000000000e+02
1.589402717331614017e+09 3.750000000000000000e+02
1.589402717430097818e+09 3.760000000000000000e+02
1.589402717483864069e+09 3.770000000000000000e+02
1.589402717533131123e+09 3.780000000000000000e+02
1.589402717588969946e+09 3.790000000000000000e+02
1.589402717645850897e+09 3.800000000000000000e+02
1.589402717696365118e+09 3.810000000000000000e+02
1.589402717762523890e+09 3.820000000000000000e+02
1.589402717814554214e+09 3.830000000000000000e+02
1.589402717867695093e+09 3.840000000000000000e+02
1.589402717919034004e+09 3.850000000000000000e+02
1.589402717965093851e+09 3.860000000000000000e+02
1.589402718024777889e+09 3.870000000000000000e+02
1.589402718108841896e+09 3.880000000000000000e+02
1.589402718154506922e+09 3.890000000000000000e+02
1.589402718214830160e+09 3.900000000000000000e+02
1.589402718275377989e+09 3.910000000000000000e+02
1.589402718324171066e+09 3.920000000000000000e+02
1.589402718381798983e+09 3.930000000000000000e+02
1.589402718438643932e+09 3.940000000000000000e+02
1.589402718490952015e+09 3.950000000000000000e+02
1.589402718535014868e+09 3.960000000000000000e+02
1.589402718581402779e+09 3.970000000000000000e+02
1.589402718638547897e+09 3.980000000000000000e+02
1.589402718691450834e+09 3.990000000000000000e+02
1.589402718739084005e+09 4.000000000000000000e+02
1.589402718791781902e+09 4.010000000000000000e+02
1.589402718844299078e+09 4.020000000000000000e+02
1.589402718918709993e+09 4.030000000000000000e+02
1.589402718982544899e+09 4.040000000000000000e+02
1.589402719065463066e+09 4.050000000000000000e+02
1.589402719136945963e+09 4.060000000000000000e+02
1.589402719186319113e+09 4.070000000000000000e+02
1.589402719248675108e+09 4.080000000000000000e+02
1.589402719289379120e+09 4.090000000000000000e+02
1.589402719342432976e+09 4.100000000000000000e+02
1.589402719389343023e+09 4.110000000000000000e+02
1.589402719444386005e+09 4.120000000000000000e+02
1.589402719486814022e+09 4.130000000000000000e+02
1.589402719539482117e+09 4.140000000000000000e+02
1.589402719590914965e+09 4.150000000000000000e+02
1.589402719644065142e+09 4.160000000000000000e+02
1.589402719701847076e+09 4.170000000000000000e+02
1.589402719741445780e+09 4.180000000000000000e+02
1.589402719789424181e+09 4.190000000000000000e+02
1.589402719836762905e+09 4.200000000000000000e+02
1.589402719881459951e+09 4.210000000000000000e+02
1.589402719932426929e+09 4.220000000000000000e+02
1.589402719995248795e+09 4.230000000000000000e+02
1.589402720031401873e+09 4.240000000000000000e+02
1.589402720081445932e+09 4.250000000000000000e+02
1.589402720136816025e+09 4.260000000000000000e+02
1.589402720184940100e+09 4.270000000000000000e+02
1.589402720229030848e+09 4.280000000000000000e+02
1.589402720286736965e+09 4.290000000000000000e+02
1.589402720334243059e+09 4.300000000000000000e+02
1.589402720380713940e+09 4.310000000000000000e+02
1.589402720460080862e+09 4.320000000000000000e+02
1.589402720526202202e+09 4.330000000000000000e+02
1.589402720589645147e+09 4.340000000000000000e+02
1.589402720641987085e+09 4.350000000000000000e+02
1.589402720690069914e+09 4.360000000000000000e+02
1.589402720759202957e+09 4.370000000000000000e+02
1.589402720805536032e+09 4.380000000000000000e+02
1.589402720865758896e+09 4.390000000000000000e+02
1.589402720930006027e+09 4.400000000000000000e+02
1.589402720989498854e+09 4.410000000000000000e+02
1.589402721054628134e+09 4.420000000000000000e+02
1.589402721112107038e+09 4.430000000000000000e+02
1.589402721175344229e+09 4.440000000000000000e+02
1.589402721234026909e+09 4.450000000000000000e+02
1.589402721284112930e+09 4.460000000000000000e+02
1.589402721342586040e+09 4.470000000000000000e+02
1.589402721402224064e+09 4.480000000000000000e+02
1.589402721443253994e+09 4.490000000000000000e+02
1.589402721499002934e+09 4.500000000000000000e+02
1.589402721544011116e+09 4.510000000000000000e+02
1.589402721585657120e+09 4.520000000000000000e+02
1.589402721647145033e+09 4.530000000000000000e+02
1.589402721688174009e+09 4.540000000000000000e+02
1.589402721741946220e+09 4.550000000000000000e+02
1.589402721802237988e+09 4.560000000000000000e+02
1.589402721839849949e+09 4.570000000000000000e+02
1.589402721927002192e+09 4.580000000000000000e+02
1.589402721968704939e+09 4.590000000000000000e+02
1.589402722036013126e+09 4.600000000000000000e+02
1.589402722114012003e+09 4.610000000000000000e+02
1.589402722199830055e+09 4.620000000000000000e+02
1.589402722279006004e+09 4.630000000000000000e+02
1.589402722345765114e+09 4.640000000000000000e+02
1.589402722421541214e+09 4.650000000000000000e+02
1.589402722490005016e+09 4.660000000000000000e+02
1.589402722526612043e+09 4.670000000000000000e+02
1.589402722581190825e+09 4.680000000000000000e+02
1.589402722643754005e+09 4.690000000000000000e+02
1.589402722701514006e+09 4.700000000000000000e+02
1.589402722762707949e+09 4.710000000000000000e+02
1.589402722807588100e+09 4.720000000000000000e+02
1.589402722865637779e+09 4.730000000000000000e+02
1.589402722911180973e+09 4.740000000000000000e+02
1.589402722964971066e+09 4.750000000000000000e+02
1.589402723030775070e+09 4.760000000000000000e+02
1.589402723082488060e+09 4.770000000000000000e+02
1.589402723140536070e+09 4.780000000000000000e+02
1.589402723183788061e+09 4.790000000000000000e+02
1.589402723236736059e+09 4.800000000000000000e+02
1.589402723282756090e+09 4.810000000000000000e+02
1.589402723331398964e+09 4.820000000000000000e+02
1.589402723375008106e+09 4.830000000000000000e+02
1.589402723430397034e+09 4.840000000000000000e+02
1.589402723482547045e+09 4.850000000000000000e+02
1.589402723530246973e+09 4.860000000000000000e+02
1.589402723582197905e+09 4.870000000000000000e+02
1.589402723633953094e+09 4.880000000000000000e+02
1.589402723684780121e+09 4.890000000000000000e+02
1.589402723737007141e+09 4.900000000000000000e+02
1.589402723781699181e+09 4.910000000000000000e+02
1.589402723832322121e+09 4.920000000000000000e+02
1.589402723901215076e+09 4.930000000000000000e+02
1.589402723942775011e+09 4.940000000000000000e+02
1.589402723988315821e+09 4.950000000000000000e+02
1.589402724052508831e+09 4.960000000000000000e+02
1.589402724113736868e+09 4.970000000000000000e+02
1.589402724180805206e+09 4.980000000000000000e+02
1.589402724234493971e+09 4.990000000000000000e+02
1.589402724285254955e+09 5.000000000000000000e+02
1.589402724339956999e+09 5.010000000000000000e+02
1.589402724382705927e+09 5.020000000000000000e+02
1.589402724438743114e+09 5.030000000000000000e+02
1.589402724498784065e+09 5.040000000000000000e+02
1.589402724550135136e+09 5.050000000000000000e+02
1.589402724617959976e+09 5.060000000000000000e+02
1.589402724688452005e+09 5.070000000000000000e+02
1.589402724734262943e+09 5.080000000000000000e+02
1.589402724785213947e+09 5.090000000000000000e+02
1.589402724838429928e+09 5.100000000000000000e+02
1.589402724892107010e+09 5.110000000000000000e+02
1.589402724947077036e+09 5.120000000000000000e+02
1.589402724998806000e+09 5.130000000000000000e+02
1.589402725043783903e+09 5.140000000000000000e+02
1.589402725087688923e+09 5.150000000000000000e+02
1.589402725159595013e+09 5.160000000000000000e+02
1.589402725218379021e+09 5.170000000000000000e+02
1.589402725267786026e+09 5.180000000000000000e+02
1.589402725308202982e+09 5.190000000000000000e+02
1.589402725367396116e+09 5.200000000000000000e+02
1.589402725409180880e+09 5.210000000000000000e+02
1.589402725470415831e+09 5.220000000000000000e+02
1.589402725528207779e+09 5.230000000000000000e+02
1.589402725573395967e+09 5.240000000000000000e+02
1.589402725629124165e+09 5.250000000000000000e+02
1.589402725698981047e+09 5.260000000000000000e+02
1.589402725735882044e+09 5.270000000000000000e+02
1.589402725798457146e+09 5.280000000000000000e+02
1.589402725867319107e+09 5.290000000000000000e+02
1.589402725917148829e+09 5.300000000000000000e+02
1.589402725970581055e+09 5.310000000000000000e+02
1.589402726018950939e+09 5.320000000000000000e+02
1.589402726075388908e+09 5.330000000000000000e+02
1.589402726133950949e+09 5.340000000000000000e+02
1.589402726185338974e+09 5.350000000000000000e+02
1.589402726230431080e+09 5.360000000000000000e+02
1.589402726286521196e+09 5.370000000000000000e+02
1.589402726326920986e+09 5.380000000000000000e+02
1.589402726374583960e+09 5.390000000000000000e+02
1.589402726432752132e+09 5.400000000000000000e+02
1.589402726484027863e+09 5.410000000000000000e+02
1.589402726542949915e+09 5.420000000000000000e+02
1.589402726597246885e+09 5.430000000000000000e+02
1.589402726649347067e+09 5.440000000000000000e+02
1.589402726696661949e+09 5.450000000000000000e+02
1.589402726754698038e+09 5.460000000000000000e+02
1.589402726816617012e+09 5.470000000000000000e+02
1.589402726859658957e+09 5.480000000000000000e+02
1.589402726912501097e+09 5.490000000000000000e+02
1.589402726961712122e+09 5.500000000000000000e+02
1.589402727024968863e+09 5.510000000000000000e+02
1.589402727078138828e+09 5.520000000000000000e+02
1.589402727138400078e+09 5.530000000000000000e+02
1.589402727189028025e+09 5.540000000000000000e+02
1.589402727255365133e+09 5.550000000000000000e+02
1.589402727309319019e+09 5.560000000000000000e+02
1.589402727363665819e+09 5.570000000000000000e+02
1.589402727414856911e+09 5.580000000000000000e+02
1.589402727468677998e+09 5.590000000000000000e+02
1.589402727524085045e+09 5.600000000000000000e+02
1.589402727585551977e+09 5.610000000000000000e+02
1.589402727638396978e+09 5.620000000000000000e+02
1.589402727703194857e+09 5.630000000000000000e+02
1.589402727753809929e+09 5.640000000000000000e+02
1.589402727810063839e+09 5.650000000000000000e+02
1.589402727860857010e+09 5.660000000000000000e+02
1.589402727921458006e+09 5.670000000000000000e+02
1.589402727965481997e+09 5.680000000000000000e+02
1.589402728021878958e+09 5.690000000000000000e+02
1.589402728071912050e+09 5.700000000000000000e+02
1.589402728128144979e+09 5.710000000000000000e+02
1.589402728175984859e+09 5.720000000000000000e+02
1.589402728235410929e+09 5.730000000000000000e+02
1.589402728277357101e+09 5.740000000000000000e+02
1.589402728327942848e+09 5.750000000000000000e+02
1.589402728386895180e+09 5.760000000000000000e+02
1.589402728437633038e+09 5.770000000000000000e+02
1.589402728489537954e+09 5.780000000000000000e+02
1.589402728550678015e+09 5.790000000000000000e+02
1.589402728597670794e+09 5.800000000000000000e+02
1.589402728643226862e+09 5.810000000000000000e+02
1.589402728694484949e+09 5.820000000000000000e+02
1.589402728744165182e+09 5.830000000000000000e+02
1.589402728793921947e+09 5.840000000000000000e+02
1.589402728856159925e+09 5.850000000000000000e+02
1.589402728913888931e+09 5.860000000000000000e+02
1.589402728977061987e+09 5.870000000000000000e+02
1.589402729019632816e+09 5.880000000000000000e+02
1.589402729074326038e+09 5.890000000000000000e+02
1.589402729135585070e+09 5.900000000000000000e+02
1.589402729189912081e+09 5.910000000000000000e+02
1.589402729243446112e+09 5.920000000000000000e+02
1.589402729301207066e+09 5.930000000000000000e+02
1.589402729343474865e+09 5.940000000000000000e+02
1.589402729416053057e+09 5.950000000000000000e+02
1.589402729461067915e+09 5.960000000000000000e+02
1.589402729515715122e+09 5.970000000000000000e+02
1.589402729560787916e+09 5.980000000000000000e+02
1.589402729612153053e+09 5.990000000000000000e+02
1.589402729654890060e+09 6.000000000000000000e+02
1.589402729725338936e+09 6.010000000000000000e+02
1.589402729788912058e+09 6.020000000000000000e+02
1.589402729847867966e+09 6.030000000000000000e+02
1.589402729906903982e+09 6.040000000000000000e+02
1.589402729961353064e+09 6.050000000000000000e+02
1.589402730022977114e+09 6.060000000000000000e+02
1.589402730067435980e+09 6.070000000000000000e+02
1.589402730123359919e+09 6.080000000000000000e+02
1.589402730181318998e+09 6.090000000000000000e+02
1.589402730248093843e+09 6.100000000000000000e+02
1.589402730312899113e+09 6.110000000000000000e+02
1.589402730376334190e+09 6.120000000000000000e+02
1.589402730427814007e+09 6.130000000000000000e+02
1.589402730479316950e+09 6.140000000000000000e+02
1.589402730534821987e+09 6.150000000000000000e+02
1.589402730599289179e+09 6.160000000000000000e+02
1.589402730672405958e+09 6.170000000000000000e+02
1.589402730730710983e+09 6.180000000000000000e+02
1.589402730797461987e+09 6.190000000000000000e+02
1.589402730858108997e+09 6.200000000000000000e+02
1.589402730916755915e+09 6.210000000000000000e+02
1.589402730965965033e+09 6.220000000000000000e+02
1.589402731020847082e+09 6.230000000000000000e+02
1.589402731084682941e+09 6.240000000000000000e+02
1.589402731133146048e+09 6.250000000000000000e+02
1.589402731192620039e+09 6.260000000000000000e+02
1.589402731244089127e+09 6.270000000000000000e+02
1.589402731301995039e+09 6.280000000000000000e+02
1.589402731365076065e+09 6.290000000000000000e+02
1.589402731458712101e+09 6.300000000000000000e+02
1.589402731538217068e+09 6.310000000000000000e+02
1.589402731594301939e+09 6.320000000000000000e+02
1.589402731662798166e+09 6.330000000000000000e+02
1.589402731723416090e+09 6.340000000000000000e+02
1.589402731775018930e+09 6.350000000000000000e+02
1.589402731834285975e+09 6.360000000000000000e+02
1.589402731882267952e+09 6.370000000000000000e+02
1.589402731932934999e+09 6.380000000000000000e+02
1.589402731988121033e+09 6.390000000000000000e+02
1.589402732041047096e+09 6.400000000000000000e+02
1.589402732091773987e+09 6.410000000000000000e+02
1.589402732150388002e+09 6.420000000000000000e+02
1.589402732191627979e+09 6.430000000000000000e+02
1.589402732242630005e+09 6.440000000000000000e+02
1.589402732304811001e+09 6.450000000000000000e+02
1.589402732356225014e+09 6.460000000000000000e+02
1.589402732404973984e+09 6.470000000000000000e+02
1.589402732466757774e+09 6.480000000000000000e+02
1.589402732527668953e+09 6.490000000000000000e+02
1.589402732582808018e+09 6.500000000000000000e+02
1.589402732688163042e+09 6.510000000000000000e+02
1.589402732768540859e+09 6.520000000000000000e+02
1.589402732829455853e+09 6.530000000000000000e+02
1.589402732874589920e+09 6.540000000000000000e+02
1.589402732941708088e+09 6.550000000000000000e+02
1.589402732999179125e+09 6.560000000000000000e+02
1.589402733047833204e+09 6.570000000000000000e+02
1.589402733107732058e+09 6.580000000000000000e+02
1.589402733157238960e+09 6.590000000000000000e+02
1.589402733207885027e+09 6.600000000000000000e+02
1.589402733257093191e+09 6.610000000000000000e+02
1.589402733309630871e+09 6.620000000000000000e+02
1.589402733358348131e+09 6.630000000000000000e+02
1.589402733412887096e+09 6.640000000000000000e+02
1.589402733488786936e+09 6.650000000000000000e+02
1.589402733541690826e+09 6.660000000000000000e+02
1.589402733588976860e+09 6.670000000000000000e+02
1.589402733646712065e+09 6.680000000000000000e+02
1.589402733692023993e+09 6.690000000000000000e+02
1.589402733741677046e+09 6.700000000000000000e+02
1.589402733802133083e+09 6.710000000000000000e+02
1.589402733847090006e+09 6.720000000000000000e+02
1.589402733900346994e+09 6.730000000000000000e+02
1.589402733956981897e+09 6.740000000000000000e+02
1.589402734008897066e+09 6.750000000000000000e+02
1.589402734052258968e+09 6.760000000000000000e+02
1.589402734117707968e+09 6.770000000000000000e+02
1.589402734174706936e+09 6.780000000000000000e+02
1.589402734226752043e+09 6.790000000000000000e+02
1.589402734283740997e+09 6.800000000000000000e+02
1.589402734345321894e+09 6.810000000000000000e+02
1.589402734402746201e+09 6.820000000000000000e+02
1.589402734461021900e+09 6.830000000000000000e+02
1.589402734511507034e+09 6.840000000000000000e+02
1.589402734563346863e+09 6.850000000000000000e+02
1.589402734617970943e+09 6.860000000000000000e+02
1.589402734683400869e+09 6.870000000000000000e+02
1.589402734737744808e+09 6.880000000000000000e+02
1.589402734803385019e+09 6.890000000000000000e+02
1.589402734865470886e+09 6.900000000000000000e+02
1.589402734923301220e+09 6.910000000000000000e+02
1.589402734981964111e+09 6.920000000000000000e+02
1.589402735049946070e+09 6.930000000000000000e+02
1.589402735100558043e+09 6.940000000000000000e+02
1.589402735161195040e+09 6.950000000000000000e+02
1.589402735216733932e+09 6.960000000000000000e+02
1.589402735272737980e+09 6.970000000000000000e+02
1.589402735322571039e+09 6.980000000000000000e+02
1.589402735381030798e+09 6.990000000000000000e+02
1.589402735443610191e+09 7.000000000000000000e+02
1.589402735500281096e+09 7.010000000000000000e+02
1.589402735560538054e+09 7.020000000000000000e+02
1.589402735618629932e+09 7.030000000000000000e+02
1.589402735682660103e+09 7.040000000000000000e+02
1.589402735746267796e+09 7.050000000000000000e+02
1.589402735795916080e+09 7.060000000000000000e+02
1.589402735852797031e+09 7.070000000000000000e+02
1.589402735909559011e+09 7.080000000000000000e+02
1.589402735973752022e+09 7.090000000000000000e+02
1.589402736038655996e+09 7.100000000000000000e+02
1.589402736087928057e+09 7.110000000000000000e+02
1.589402736169487953e+09 7.120000000000000000e+02
1.589402736226053238e+09 7.130000000000000000e+02
1.589402736291924000e+09 7.140000000000000000e+02
1.589402736355141878e+09 7.150000000000000000e+02
1.589402736420880795e+09 7.160000000000000000e+02
1.589402736478428841e+09 7.170000000000000000e+02
1.589402736529167891e+09 7.180000000000000000e+02
1.589402736593086958e+09 7.190000000000000000e+02
1.589402736658699036e+09 7.200000000000000000e+02
1.589402736718815088e+09 7.210000000000000000e+02
1.589402736784578085e+09 7.220000000000000000e+02
1.589402736831362963e+09 7.230000000000000000e+02
1.589402736890256882e+09 7.240000000000000000e+02
1.589402736945889950e+09 7.250000000000000000e+02
1.589402737007108212e+09 7.260000000000000000e+02
1.589402737060378075e+09 7.270000000000000000e+02
1.589402737117936850e+09 7.280000000000000000e+02
1.589402737170503855e+09 7.290000000000000000e+02
1.589402737223519087e+09 7.300000000000000000e+02
1.589402737290980101e+09 7.310000000000000000e+02
1.589402737356928110e+09 7.320000000000000000e+02
1.589402737423591852e+09 7.330000000000000000e+02
1.589402737476392984e+09 7.340000000000000000e+02
1.589402737536195993e+09 7.350000000000000000e+02
1.589402737584436893e+09 7.360000000000000000e+02
1.589402737643878937e+09 7.370000000000000000e+02
1.589402737697115898e+09 7.380000000000000000e+02
1.589402737755136013e+09 7.390000000000000000e+02
1.589402737802551031e+09 7.400000000000000000e+02
1.589402737859490156e+09 7.410000000000000000e+02
1.589402737908976078e+09 7.420000000000000000e+02
1.589402737968960047e+09 7.430000000000000000e+02
1.589402738029914856e+09 7.440000000000000000e+02
1.589402738103946924e+09 7.450000000000000000e+02
1.589402738175734997e+09 7.460000000000000000e+02
1.589402738230655909e+09 7.470000000000000000e+02
1.589402738287976980e+09 7.480000000000000000e+02
1.589402738341221809e+09 7.490000000000000000e+02
1.589402738389508009e+09 7.500000000000000000e+02
1.589402738461257935e+09 7.510000000000000000e+02
1.589402738508814096e+09 7.520000000000000000e+02
1.589402738564758062e+09 7.530000000000000000e+02
1.589402738620207071e+09 7.540000000000000000e+02
1.589402738673768044e+09 7.550000000000000000e+02
1.589402738740495920e+09 7.560000000000000000e+02
1.589402738786283970e+09 7.570000000000000000e+02
1.589402738850399017e+09 7.580000000000000000e+02
1.589402738896466017e+09 7.590000000000000000e+02
1.589402738959140062e+09 7.600000000000000000e+02
1.589402739012053013e+09 7.610000000000000000e+02
1.589402739071972132e+09 7.620000000000000000e+02
1.589402739126677036e+09 7.630000000000000000e+02
1.589402739178282022e+09 7.640000000000000000e+02
1.589402739242870092e+09 7.650000000000000000e+02
1.589402739300153017e+09 7.660000000000000000e+02
1.589402739355888844e+09 7.670000000000000000e+02
1.589402739424178839e+09 7.680000000000000000e+02
1.589402739472162962e+09 7.690000000000000000e+02
1.589402739525320053e+09 7.700000000000000000e+02
1.589402739584890127e+09 7.710000000000000000e+02
1.589402739634454012e+09 7.720000000000000000e+02
1.589402739698251009e+09 7.730000000000000000e+02
1.589402739753817081e+09 7.740000000000000000e+02
1.589402739809581995e+09 7.750000000000000000e+02
1.589402739860584021e+09 7.760000000000000000e+02
1.589402739922173977e+09 7.770000000000000000e+02
1.589402739973299980e+09 7.780000000000000000e+02
1.589402740027818918e+09 7.790000000000000000e+02
1.589402740092104912e+09 7.800000000000000000e+02
1.589402740146375895e+09 7.810000000000000000e+02
1.589402740191485882e+09 7.820000000000000000e+02
1.589402740254726887e+09 7.830000000000000000e+02
1.589402740305082083e+09 7.840000000000000000e+02
1.589402740363538980e+09 7.850000000000000000e+02
1.589402740411610126e+09 7.860000000000000000e+02
1.589402740462297201e+09 7.870000000000000000e+02
1.589402740518771887e+09 7.880000000000000000e+02
1.589402740564136982e+09 7.890000000000000000e+02
1.589402740619813204e+09 7.900000000000000000e+02
1.589402740683649063e+09 7.910000000000000000e+02
1.589402740749040842e+09 7.920000000000000000e+02
1.589402740800421953e+09 7.930000000000000000e+02
1.589402740856530905e+09 7.940000000000000000e+02
1.589402740923696041e+09 7.950000000000000000e+02
1.589402740991476059e+09 7.960000000000000000e+02
1.589402741047195911e+09 7.970000000000000000e+02
1.589402741109441042e+09 7.980000000000000000e+02
1.589402741179843187e+09 7.990000000000000000e+02
1.589402741270268917e+09 8.000000000000000000e+02
1.589402741330118895e+09 8.010000000000000000e+02
1.589402741409610033e+09 8.020000000000000000e+02
1.589402741481544018e+09 8.030000000000000000e+02
1.589402741545633078e+09 8.040000000000000000e+02
1.589402741622010231e+09 8.050000000000000000e+02
1.589402741696058035e+09 8.060000000000000000e+02
1.589402741776296854e+09 8.070000000000000000e+02
1.589402741833137989e+09 8.080000000000000000e+02
1.589402741902924061e+09 8.090000000000000000e+02
1.589402741966911077e+09 8.100000000000000000e+02
1.589402742033416033e+09 8.110000000000000000e+02
1.589402742110681057e+09 8.120000000000000000e+02
1.589402742175803900e+09 8.130000000000000000e+02
1.589402742247025013e+09 8.140000000000000000e+02
1.589402742311354160e+09 8.150000000000000000e+02
1.589402742368683100e+09 8.160000000000000000e+02
1.589402742427058935e+09 8.170000000000000000e+02
1.589402742487555027e+09 8.180000000000000000e+02
1.589402742572617054e+09 8.190000000000000000e+02
1.589402742638134956e+09 8.200000000000000000e+02
1.589402742690187931e+09 8.210000000000000000e+02
1.589402742777752161e+09 8.220000000000000000e+02
1.589402742862709045e+09 8.230000000000000000e+02
1.589402742935782909e+09 8.240000000000000000e+02
1.589402742987185001e+09 8.250000000000000000e+02
1.589402743079819918e+09 8.260000000000000000e+02
1.589402743133392811e+09 8.270000000000000000e+02
1.589402743190752029e+09 8.280000000000000000e+02
1.589402743246011972e+09 8.290000000000000000e+02
1.589402743314291000e+09 8.300000000000000000e+02
1.589402743374244213e+09 8.310000000000000000e+02
1.589402743432197094e+09 8.320000000000000000e+02
1.589402743486856937e+09 8.330000000000000000e+02
1.589402743566977978e+09 8.340000000000000000e+02
1.589402743636507988e+09 8.350000000000000000e+02
1.589402743688590050e+09 8.360000000000000000e+02
1.589402743767092943e+09 8.370000000000000000e+02
1.589402743818418026e+09 8.380000000000000000e+02
1.589402743879466057e+09 8.390000000000000000e+02
1.589402743934561014e+09 8.400000000000000000e+02
1.589402744004527092e+09 8.410000000000000000e+02
1.589402744065178156e+09 8.420000000000000000e+02
1.589402744126869917e+09 8.430000000000000000e+02
1.589402744182980061e+09 8.440000000000000000e+02
1.589402744254340172e+09 8.450000000000000000e+02
1.589402744341032028e+09 8.460000000000000000e+02
1.589402744419034958e+09 8.470000000000000000e+02
1.589402744484281063e+09 8.480000000000000000e+02
1.589402744539200068e+09 8.490000000000000000e+02
1.589402744628274918e+09 8.500000000000000000e+02
1.589402744686496973e+09 8.510000000000000000e+02
1.589402744754199982e+09 8.520000000000000000e+02
1.589402744825657129e+09 8.530000000000000000e+02
1.589402744889806032e+09 8.540000000000000000e+02
1.589402744939913988e+09 8.550000000000000000e+02
1.589402744992115021e+09 8.560000000000000000e+02
1.589402745062361002e+09 8.570000000000000000e+02
1.589402745152814150e+09 8.580000000000000000e+02
1.589402745206110954e+09 8.590000000000000000e+02
1.589402745276781082e+09 8.600000000000000000e+02
1.589402745334644079e+09 8.610000000000000000e+02
1.589402745389628887e+09 8.620000000000000000e+02
1.589402745442921877e+09 8.630000000000000000e+02
1.589402745508762836e+09 8.640000000000000000e+02
1.589402745561020851e+09 8.650000000000000000e+02
1.589402745629194975e+09 8.660000000000000000e+02
1.589402745738740921e+09 8.670000000000000000e+02
1.589402745830021858e+09 8.680000000000000000e+02
1.589402745891991138e+09 8.690000000000000000e+02
1.589402745969630003e+09 8.700000000000000000e+02
1.589402746029443979e+09 8.710000000000000000e+02
1.589402746088861942e+09 8.720000000000000000e+02
1.589402746151968002e+09 8.730000000000000000e+02
1.589402746205579042e+09 8.740000000000000000e+02
1.589402746266905069e+09 8.750000000000000000e+02
1.589402746319571972e+09 8.760000000000000000e+02
1.589402746372699976e+09 8.770000000000000000e+02
1.589402746430235863e+09 8.780000000000000000e+02
1.589402746488699913e+09 8.790000000000000000e+02
1.589402746543617964e+09 8.800000000000000000e+02
1.589402746618499994e+09 8.810000000000000000e+02
1.589402746682833910e+09 8.820000000000000000e+02
1.589402746731834173e+09 8.830000000000000000e+02
1.589402746795567036e+09 8.840000000000000000e+02
1.589402746845983028e+09 8.850000000000000000e+02
1.589402746902071953e+09 8.860000000000000000e+02
1.589402746953469038e+09 8.870000000000000000e+02
1.589402747010672808e+09 8.880000000000000000e+02
1.589402747068798065e+09 8.890000000000000000e+02
1.589402747128295898e+09 8.900000000000000000e+02
1.589402747190320015e+09 8.910000000000000000e+02
1.589402747265443087e+09 8.920000000000000000e+02
1.589402747335930109e+09 8.930000000000000000e+02
1.589402747399580002e+09 8.940000000000000000e+02
1.589402747463937044e+09 8.950000000000000000e+02
1.589402747527478933e+09 8.960000000000000000e+02
1.589402747595031977e+09 8.970000000000000000e+02
1.589402747641193867e+09 8.980000000000000000e+02
1.589402747704608917e+09 8.990000000000000000e+02
1.589402747759279013e+09 9.000000000000000000e+02
1.589402747830352783e+09 9.010000000000000000e+02
1.589402747908102989e+09 9.020000000000000000e+02
1.589402747974629879e+09 9.030000000000000000e+02
1.589402748069770098e+09 9.040000000000000000e+02
1.589402748150192022e+09 9.050000000000000000e+02
1.589402748221315145e+09 9.060000000000000000e+02
1.589402748275332212e+09 9.070000000000000000e+02
1.589402748347424984e+09 9.080000000000000000e+02
1.589402748404653072e+09 9.090000000000000000e+02
1.589402748454896927e+09 9.100000000000000000e+02
1.589402748522968054e+09 9.110000000000000000e+02
1.589402748580968857e+09 9.120000000000000000e+02
1.589402748653491974e+09 9.130000000000000000e+02
1.589402748724776983e+09 9.140000000000000000e+02
1.589402748804978848e+09 9.150000000000000000e+02
1.589402748883090019e+09 9.160000000000000000e+02
1.589402748972692013e+09 9.170000000000000000e+02
1.589402749034394026e+09 9.180000000000000000e+02
1.589402749087695837e+09 9.190000000000000000e+02
1.589402749152494192e+09 9.200000000000000000e+02
1.589402749213253975e+09 9.210000000000000000e+02
1.589402749270622969e+09 9.220000000000000000e+02
1.589402749328694105e+09 9.230000000000000000e+02
1.589402749397504091e+09 9.240000000000000000e+02
1.589402749452237129e+09 9.250000000000000000e+02
1.589402749511149168e+09 9.260000000000000000e+02
1.589402749571861982e+09 9.270000000000000000e+02
1.589402749626332998e+09 9.280000000000000000e+02
1.589402749701535940e+09 9.290000000000000000e+02
1.589402749768706083e+09 9.300000000000000000e+02
1.589402749843389988e+09 9.310000000000000000e+02
1.589402749911406040e+09 9.320000000000000000e+02
1.589402749981098890e+09 9.330000000000000000e+02
1.589402750038056850e+09 9.340000000000000000e+02
1.589402750096051931e+09 9.350000000000000000e+02
1.589402750156785965e+09 9.360000000000000000e+02
1.589402750216113806e+09 9.370000000000000000e+02
1.589402750279502153e+09 9.380000000000000000e+02
1.589402750331757069e+09 9.390000000000000000e+02
1.589402750384315968e+09 9.400000000000000000e+02
1.589402750451599836e+09 9.410000000000000000e+02
1.589402750504271030e+09 9.420000000000000000e+02
1.589402750567028999e+09 9.430000000000000000e+02
1.589402750633728981e+09 9.440000000000000000e+02
1.589402750686354876e+09 9.450000000000000000e+02
1.589402750746803045e+09 9.460000000000000000e+02
1.589402750806016922e+09 9.470000000000000000e+02
1.589402750872709990e+09 9.480000000000000000e+02
1.589402750946948051e+09 9.490000000000000000e+02
1.589402751000432968e+09 9.500000000000000000e+02
1.589402751063266993e+09 9.510000000000000000e+02
1.589402751146788120e+09 9.520000000000000000e+02
1.589402751212564945e+09 9.530000000000000000e+02
1.589402751282354832e+09 9.540000000000000000e+02
1.589402751347558975e+09 9.550000000000000000e+02
1.589402751405509949e+09 9.560000000000000000e+02
1.589402751458656073e+09 9.570000000000000000e+02
1.589402751520787954e+09 9.580000000000000000e+02
1.589402751580739021e+09 9.590000000000000000e+02
1.589402751640810966e+09 9.600000000000000000e+02
1.589402751693508148e+09 9.610000000000000000e+02
1.589402751752621174e+09 9.620000000000000000e+02
1.589402751813761950e+09 9.630000000000000000e+02
1.589402751871000051e+09 9.640000000000000000e+02
1.589402751932600021e+09 9.650000000000000000e+02
1.589402751988903999e+09 9.660000000000000000e+02
1.589402752046064854e+09 9.670000000000000000e+02
1.589402752118422985e+09 9.680000000000000000e+02
1.589402752168312073e+09 9.690000000000000000e+02
1.589402752231240034e+09 9.700000000000000000e+02
1.589402752289839029e+09 9.710000000000000000e+02
1.589402752341883898e+09 9.720000000000000000e+02
1.589402752407910824e+09 9.730000000000000000e+02
1.589402752464308977e+09 9.740000000000000000e+02
1.589402752524967909e+09 9.750000000000000000e+02
1.589402752586229086e+09 9.760000000000000000e+02
1.589402752643930912e+09 9.770000000000000000e+02
1.589402752711311817e+09 9.780000000000000000e+02
1.589402752770983934e+09 9.790000000000000000e+02
1.589402752830765009e+09 9.800000000000000000e+02
1.589402752891669989e+09 9.810000000000000000e+02
1.589402752997076035e+09 9.820000000000000000e+02
1.589402753060016870e+09 9.830000000000000000e+02
1.589402753110073090e+09 9.840000000000000000e+02
1.589402753173460960e+09 9.850000000000000000e+02
1.589402753246946096e+09 9.860000000000000000e+02
1.589402753312428951e+09 9.870000000000000000e+02
1.589402753400750160e+09 9.880000000000000000e+02
1.589402753472639084e+09 9.890000000000000000e+02
1.589402753533410072e+09 9.900000000000000000e+02
1.589402753600158930e+09 9.910000000000000000e+02
1.589402753653767824e+09 9.920000000000000000e+02
1.589402753736257076e+09 9.930000000000000000e+02
1.589402753804219961e+09 9.940000000000000000e+02
1.589402753876775026e+09 9.950000000000000000e+02
1.589402753950804949e+09 9.960000000000000000e+02
1.589402754013334036e+09 9.970000000000000000e+02
1.589402754087946892e+09 9.980000000000000000e+02
1.589402754182636976e+09 9.990000000000000000e+02
1.589402754290078878e+09 1.000000000000000000e+03
1.589402754355661154e+09 1.001000000000000000e+03
1.589402754415683031e+09 1.002000000000000000e+03
1.589402754479473829e+09 1.003000000000000000e+03
1.589402754547029972e+09 1.004000000000000000e+03
1.589402754601613045e+09 1.005000000000000000e+03
1.589402754660269976e+09 1.006000000000000000e+03
1.589402754729332924e+09 1.007000000000000000e+03
1.589402754790364981e+09 1.008000000000000000e+03
1.589402754844501019e+09 1.009000000000000000e+03
1.589402754906064987e+09 1.010000000000000000e+03
1.589402754966714144e+09 1.011000000000000000e+03
1.589402755026585102e+09 1.012000000000000000e+03
1.589402755090885162e+09 1.013000000000000000e+03
1.589402755154457092e+09 1.014000000000000000e+03
1.589402755216362000e+09 1.015000000000000000e+03
1.589402755268794775e+09 1.016000000000000000e+03
1.589402755333986044e+09 1.017000000000000000e+03
1.589402755389252186e+09 1.018000000000000000e+03
1.589402755489541054e+09 1.019000000000000000e+03
1.589402755555025816e+09 1.020000000000000000e+03
1.589402755628618002e+09 1.021000000000000000e+03
1.589402755713953018e+09 1.022000000000000000e+03
1.589402755783339977e+09 1.023000000000000000e+03
1.589402755833168983e+09 1.024000000000000000e+03
1.589402755905989885e+09 1.025000000000000000e+03
1.589402755965828180e+09 1.026000000000000000e+03
1.589402756038180113e+09 1.027000000000000000e+03
1.589402756089583158e+09 1.028000000000000000e+03
1.589402756153850079e+09 1.029000000000000000e+03
1.589402756216112137e+09 1.030000000000000000e+03
1.589402756276139021e+09 1.031000000000000000e+03
1.589402756333323956e+09 1.032000000000000000e+03
1.589402756387542009e+09 1.033000000000000000e+03
1.589402756462517977e+09 1.034000000000000000e+03
1.589402756535677910e+09 1.035000000000000000e+03
1.589402756608305931e+09 1.036000000000000000e+03
1.589402756676980972e+09 1.037000000000000000e+03
1.589402756734966040e+09 1.038000000000000000e+03
1.589402756792327881e+09 1.039000000000000000e+03
1.589402756848704100e+09 1.040000000000000000e+03
1.589402756908155918e+09 1.041000000000000000e+03
1.589402756969722986e+09 1.042000000000000000e+03
1.589402757028655052e+09 1.043000000000000000e+03
1.589402757081907034e+09 1.044000000000000000e+03
1.589402757142254114e+09 1.045000000000000000e+03
1.589402757209676027e+09 1.046000000000000000e+03
1.589402757281048059e+09 1.047000000000000000e+03
1.589402757339150190e+09 1.048000000000000000e+03
1.589402757406539917e+09 1.049000000000000000e+03
1.589402757466720104e+09 1.050000000000000000e+03
1.589402757526744127e+09 1.051000000000000000e+03
1.589402757581867933e+09 1.052000000000000000e+03
1.589402757639514923e+09 1.053000000000000000e+03
1.589402757703695059e+09 1.054000000000000000e+03
1.589402757755653143e+09 1.055000000000000000e+03
1.589402757829385042e+09 1.056000000000000000e+03
1.589402757877672911e+09 1.057000000000000000e+03
1.589402757946367025e+09 1.058000000000000000e+03
1.589402758005921125e+09 1.059000000000000000e+03
1.589402758071368933e+09 1.060000000000000000e+03
1.589402758132940054e+09 1.061000000000000000e+03
1.589402758182970762e+09 1.062000000000000000e+03
1.589402758235663176e+09 1.063000000000000000e+03
1.589402758295583963e+09 1.064000000000000000e+03
1.589402758351322174e+09 1.065000000000000000e+03
1.589402758427721024e+09 1.066000000000000000e+03
1.589402758475569010e+09 1.067000000000000000e+03
1.589402758535605907e+09 1.068000000000000000e+03
1.589402758597967863e+09 1.069000000000000000e+03
1.589402758653059006e+09 1.070000000000000000e+03
1.589402758713535070e+09 1.071000000000000000e+03
1.589402758769639969e+09 1.072000000000000000e+03
1.589402758852899075e+09 1.073000000000000000e+03
1.589402758921149015e+09 1.074000000000000000e+03
1.589402759017430067e+09 1.075000000000000000e+03
1.589402759060292006e+09 1.076000000000000000e+03
1.589402759117537022e+09 1.077000000000000000e+03
1.589402759186434031e+09 1.078000000000000000e+03
1.589402759246865988e+09 1.079000000000000000e+03
1.589402759302618027e+09 1.080000000000000000e+03
1.589402759361662865e+09 1.081000000000000000e+03
1.589402759415495872e+09 1.082000000000000000e+03
1.589402759473809958e+09 1.083000000000000000e+03
1.589402759527463913e+09 1.084000000000000000e+03
1.589402759578996897e+09 1.085000000000000000e+03
1.589402759640908003e+09 1.086000000000000000e+03
1.589402759705201864e+09 1.087000000000000000e+03
1.589402759770153046e+09 1.088000000000000000e+03
1.589402759834347963e+09 1.089000000000000000e+03
1.589402759910854816e+09 1.090000000000000000e+03
1.589402759962575912e+09 1.091000000000000000e+03
1.589402760041744947e+09 1.092000000000000000e+03
1.589402760108839989e+09 1.093000000000000000e+03
1.589402760168384075e+09 1.094000000000000000e+03
1.589402760235568047e+09 1.095000000000000000e+03
1.589402760339936972e+09 1.096000000000000000e+03
1.589402760431333065e+09 1.097000000000000000e+03
1.589402760502429962e+09 1.098000000000000000e+03
1.589402760626080036e+09 1.099000000000000000e+03
1.589402760679857969e+09 1.100000000000000000e+03
1.589402760747387886e+09 1.101000000000000000e+03
1.589402760812775850e+09 1.102000000000000000e+03
1.589402760885364056e+09 1.103000000000000000e+03
1.589402760961688995e+09 1.104000000000000000e+03
1.589402761032639027e+09 1.105000000000000000e+03
1.589402761106729984e+09 1.106000000000000000e+03
1.589402761174519062e+09 1.107000000000000000e+03
1.589402761237347126e+09 1.108000000000000000e+03
1.589402761296238184e+09 1.109000000000000000e+03
1.589402761354575872e+09 1.110000000000000000e+03
1.589402761413329840e+09 1.111000000000000000e+03
1.589402761479343176e+09 1.112000000000000000e+03
1.589402761537086964e+09 1.113000000000000000e+03
1.589402761608846188e+09 1.114000000000000000e+03
1.589402761678529978e+09 1.115000000000000000e+03
1.589402761745949984e+09 1.116000000000000000e+03
1.589402761799988985e+09 1.117000000000000000e+03
1.589402761862314939e+09 1.118000000000000000e+03
1.589402761924350023e+09 1.119000000000000000e+03
1.589402761983986855e+09 1.120000000000000000e+03
1.589402762046660185e+09 1.121000000000000000e+03
1.589402762101685047e+09 1.122000000000000000e+03
1.589402762161038160e+09 1.123000000000000000e+03
1.589402762221296072e+09 1.124000000000000000e+03
1.589402762289348125e+09 1.125000000000000000e+03
1.589402762355505943e+09 1.126000000000000000e+03
1.589402762410665989e+09 1.127000000000000000e+03
1.589402762465830803e+09 1.128000000000000000e+03
1.589402762526320219e+09 1.129000000000000000e+03
1.589402762593533993e+09 1.130000000000000000e+03
1.589402762648887157e+09 1.131000000000000000e+03
1.589402762716441154e+09 1.132000000000000000e+03
1.589402762774051189e+09 1.133000000000000000e+03
1.589402762833358049e+09 1.134000000000000000e+03
1.589402762895344019e+09 1.135000000000000000e+03
1.589402762955269814e+09 1.136000000000000000e+03
1.589402763016877174e+09 1.137000000000000000e+03
1.589402763072010040e+09 1.138000000000000000e+03
1.589402763146836996e+09 1.139000000000000000e+03
1.589402763206380129e+09 1.140000000000000000e+03
1.589402763293258905e+09 1.141000000000000000e+03
1.589402763346851110e+09 1.142000000000000000e+03
1.589402763413836956e+09 1.143000000000000000e+03
1.589402763471487045e+09 1.144000000000000000e+03
1.589402763529383898e+09 1.145000000000000000e+03
1.589402763584428072e+09 1.146000000000000000e+03
1.589402763642591953e+09 1.147000000000000000e+03
1.589402763707964897e+09 1.148000000000000000e+03
1.589402763765822887e+09 1.149000000000000000e+03
1.589402763826290846e+09 1.150000000000000000e+03
1.589402763888320923e+09 1.151000000000000000e+03
1.589402763941073895e+09 1.152000000000000000e+03
1.589402764011521101e+09 1.153000000000000000e+03
1.589402764084213972e+09 1.154000000000000000e+03
1.589402764148290157e+09 1.155000000000000000e+03
1.589402764211814880e+09 1.156000000000000000e+03
1.589402764267344952e+09 1.157000000000000000e+03
1.589402764327069044e+09 1.158000000000000000e+03
1.589402764383910894e+09 1.159000000000000000e+03
1.589402764441515923e+09 1.160000000000000000e+03
1.589402764505882025e+09 1.161000000000000000e+03
1.589402764562922001e+09 1.162000000000000000e+03
1.589402764622074842e+09 1.163000000000000000e+03
1.589402764690460920e+09 1.164000000000000000e+03
1.589402764754527092e+09 1.165000000000000000e+03
1.589402764833660841e+09 1.166000000000000000e+03
1.589402764893649817e+09 1.167000000000000000e+03
1.589402764967653990e+09 1.168000000000000000e+03
1.589402765039954901e+09 1.169000000000000000e+03
1.589402765094017982e+09 1.170000000000000000e+03
1.589402765156847000e+09 1.171000000000000000e+03
1.589402765225626230e+09 1.172000000000000000e+03
1.589402765293421984e+09 1.173000000000000000e+03
1.589402765358290911e+09 1.174000000000000000e+03
1.589402765413850069e+09 1.175000000000000000e+03
1.589402765465443134e+09 1.176000000000000000e+03
1.589402765527599096e+09 1.177000000000000000e+03
1.589402765583689928e+09 1.178000000000000000e+03
1.589402765654629946e+09 1.179000000000000000e+03
1.589402765734113932e+09 1.180000000000000000e+03
1.589402765802558899e+09 1.181000000000000000e+03
1.589402765856704950e+09 1.182000000000000000e+03
1.589402765915174961e+09 1.183000000000000000e+03
1.589402765972928047e+09 1.184000000000000000e+03
1.589402766047589064e+09 1.185000000000000000e+03
1.589402766101355076e+09 1.186000000000000000e+03
1.589402766151529074e+09 1.187000000000000000e+03
1.589402766210032225e+09 1.188000000000000000e+03
1.589402766276225090e+09 1.189000000000000000e+03
1.589402766340843916e+09 1.190000000000000000e+03
1.589402766403541088e+09 1.191000000000000000e+03
1.589402766474802971e+09 1.192000000000000000e+03
1.589402766527730942e+09 1.193000000000000000e+03
1.589402766588740110e+09 1.194000000000000000e+03
1.589402766656554937e+09 1.195000000000000000e+03
1.589402766735712051e+09 1.196000000000000000e+03
1.589402766799211025e+09 1.197000000000000000e+03
1.589402766866539955e+09 1.198000000000000000e+03
1.589402766940570831e+09 1.199000000000000000e+03
1.589402767038781881e+09 1.200000000000000000e+03
1.589402767107173920e+09 1.201000000000000000e+03
1.589402767168401957e+09 1.202000000000000000e+03
1.589402767230225801e+09 1.203000000000000000e+03
1.589402767296365023e+09 1.204000000000000000e+03
1.589402767348357916e+09 1.205000000000000000e+03
1.589402767426743031e+09 1.206000000000000000e+03
1.589402767492266893e+09 1.207000000000000000e+03
1.589402767547940016e+09 1.208000000000000000e+03
1.589402767613382816e+09 1.209000000000000000e+03
1.589402767682260036e+09 1.210000000000000000e+03
1.589402767745170832e+09 1.211000000000000000e+03
1.589402767800298929e+09 1.212000000000000000e+03
1.589402767866911888e+09 1.213000000000000000e+03
1.589402767922904015e+09 1.214000000000000000e+03
1.589402767999662161e+09 1.215000000000000000e+03
1.589402768065145016e+09 1.216000000000000000e+03
1.589402768140401840e+09 1.217000000000000000e+03
1.589402768226475954e+09 1.218000000000000000e+03
1.589402768291917086e+09 1.219000000000000000e+03
1.589402768359425068e+09 1.220000000000000000e+03
1.589402768420819044e+09 1.221000000000000000e+03
1.589402768511560917e+09 1.222000000000000000e+03
1.589402768563549995e+09 1.223000000000000000e+03
1.589402768625435829e+09 1.224000000000000000e+03
1.589402768696210861e+09 1.225000000000000000e+03
1.589402768750757933e+09 1.226000000000000000e+03
1.589402768825546026e+09 1.227000000000000000e+03
1.589402768892628908e+09 1.228000000000000000e+03
1.589402768958674908e+09 1.229000000000000000e+03
1.589402769017568111e+09 1.230000000000000000e+03
1.589402769071454048e+09 1.231000000000000000e+03
1.589402769137797832e+09 1.232000000000000000e+03
1.589402769195866823e+09 1.233000000000000000e+03
1.589402769259506941e+09 1.234000000000000000e+03
1.589402769324609995e+09 1.235000000000000000e+03
1.589402769399205208e+09 1.236000000000000000e+03
1.589402769482537031e+09 1.237000000000000000e+03
1.589402769528908968e+09 1.238000000000000000e+03
1.589402769612276077e+09 1.239000000000000000e+03
1.589402769662292004e+09 1.240000000000000000e+03
1.589402769737295866e+09 1.241000000000000000e+03
1.589402769803495884e+09 1.242000000000000000e+03
1.589402769878511190e+09 1.243000000000000000e+03
1.589402769937677145e+09 1.244000000000000000e+03
1.589402769987952232e+09 1.245000000000000000e+03
1.589402770056465864e+09 1.246000000000000000e+03
1.589402770133579016e+09 1.247000000000000000e+03
1.589402770201615095e+09 1.248000000000000000e+03
1.589402770269390106e+09 1.249000000000000000e+03
1.589402770341948986e+09 1.250000000000000000e+03
1.589402770403768063e+09 1.251000000000000000e+03
1.589402770473231792e+09 1.252000000000000000e+03
1.589402770540363073e+09 1.253000000000000000e+03
1.589402770616229773e+09 1.254000000000000000e+03
1.589402770674658060e+09 1.255000000000000000e+03
1.589402770738111019e+09 1.256000000000000000e+03
1.589402770795315981e+09 1.257000000000000000e+03
1.589402770861505032e+09 1.258000000000000000e+03
1.589402770914173841e+09 1.259000000000000000e+03
1.589402770973583221e+09 1.260000000000000000e+03
1.589402771053294182e+09 1.261000000000000000e+03
1.589402771108024120e+09 1.262000000000000000e+03
1.589402771164664984e+09 1.263000000000000000e+03
1.589402771222021818e+09 1.264000000000000000e+03
1.589402771280132055e+09 1.265000000000000000e+03
1.589402771341803074e+09 1.266000000000000000e+03
1.589402771406344891e+09 1.267000000000000000e+03
1.589402771484443903e+09 1.268000000000000000e+03
1.589402771547891855e+09 1.269000000000000000e+03
1.589402771613395929e+09 1.270000000000000000e+03
1.589402771679955959e+09 1.271000000000000000e+03
1.589402771741350889e+09 1.272000000000000000e+03
1.589402771807074070e+09 1.273000000000000000e+03
1.589402771859633923e+09 1.274000000000000000e+03
1.589402771925271988e+09 1.275000000000000000e+03
1.589402771980216980e+09 1.276000000000000000e+03
1.589402772046119928e+09 1.277000000000000000e+03
1.589402772104154110e+09 1.278000000000000000e+03
1.589402772162736177e+09 1.279000000000000000e+03
1.589402772222790956e+09 1.280000000000000000e+03
1.589402772294822931e+09 1.281000000000000000e+03
1.589402772342806101e+09 1.282000000000000000e+03
1.589402772412392855e+09 1.283000000000000000e+03
1.589402772481822014e+09 1.284000000000000000e+03
1.589402772537893772e+09 1.285000000000000000e+03
1.589402772642708063e+09 1.286000000000000000e+03
1.589402772733562946e+09 1.287000000000000000e+03
1.589402772811183214e+09 1.288000000000000000e+03
1.589402772893031836e+09 1.289000000000000000e+03
1.589402772962507963e+09 1.290000000000000000e+03
1.589402773040024996e+09 1.291000000000000000e+03
1.589402773117086887e+09 1.292000000000000000e+03
1.589402773200829983e+09 1.293000000000000000e+03
1.589402773271455050e+09 1.294000000000000000e+03
1.589402773376143932e+09 1.295000000000000000e+03
1.589402773484398127e+09 1.296000000000000000e+03
1.589402773553808928e+09 1.297000000000000000e+03
1.589402773637393951e+09 1.298000000000000000e+03
1.589402773711863995e+09 1.299000000000000000e+03
1.589402773770053864e+09 1.300000000000000000e+03
1.589402773840975046e+09 1.301000000000000000e+03
1.589402773903733969e+09 1.302000000000000000e+03
1.589402773991323948e+09 1.303000000000000000e+03
1.589402774098117828e+09 1.304000000000000000e+03
1.589402774187376022e+09 1.305000000000000000e+03
1.589402774239664078e+09 1.306000000000000000e+03
1.589402774333149910e+09 1.307000000000000000e+03
1.589402774398296118e+09 1.308000000000000000e+03
1.589402774473144054e+09 1.309000000000000000e+03
1.589402774572121143e+09 1.310000000000000000e+03
1.589402774639559984e+09 1.311000000000000000e+03
1.589402774759231091e+09 1.312000000000000000e+03
1.589402774882222176e+09 1.313000000000000000e+03
1.589402774933554888e+09 1.314000000000000000e+03
1.589402775057106972e+09 1.315000000000000000e+03
1.589402775164042950e+09 1.316000000000000000e+03
1.589402775305372953e+09 1.317000000000000000e+03
1.589402775395817995e+09 1.318000000000000000e+03
1.589402775529861212e+09 1.319000000000000000e+03
1.589402775633349895e+09 1.320000000000000000e+03
1.589402775898622036e+09 1.321000000000000000e+03
1.589402776036237001e+09 1.322000000000000000e+03
1.589402776224601030e+09 1.323000000000000000e+03
1.589402776335110903e+09 1.324000000000000000e+03
1.589402776587052107e+09 1.325000000000000000e+03
1.589402776999701977e+09 1.326000000000000000e+03
1.589402777397387981e+09 1.327000000000000000e+03
1.589402777650149107e+09 1.328000000000000000e+03
1.589402777761092186e+09 1.329000000000000000e+03
1.589402777960197210e+09 1.330000000000000000e+03
1.589402778067245007e+09 1.331000000000000000e+03
1.589402778220124960e+09 1.332000000000000000e+03
1.589402778421504974e+09 1.333000000000000000e+03
1.589402778664228201e+09 1.334000000000000000e+03
1.589402778913666010e+09 1.335000000000000000e+03
