8.210089206695556641e-01
2.178287506103515625e-02
1.982188224792480469e-02
2.549123764038085938e-02
2.317500114440917969e-02
2.362489700317382812e-02
2.108621597290039062e-02
2.438998222351074219e-02
2.427387237548828125e-02
1.975083351135253906e-02
2.808904647827148438e-02
2.270293235778808594e-02
2.332091331481933594e-02
2.240419387817382812e-02
3.014707565307617188e-02
2.455306053161621094e-02
2.230095863342285156e-02
2.610588073730468750e-02
2.172422409057617188e-02
2.344584465026855469e-02
2.564001083374023438e-02
2.280211448669433594e-02
2.537274360656738281e-02
2.007699012756347656e-02
2.532100677490234375e-02
2.514576911926269531e-02
2.116513252258300781e-02
2.817201614379882812e-02
2.079415321350097656e-02
2.475285530090332031e-02
2.062892913818359375e-02
2.482366561889648438e-02
2.322816848754882812e-02
2.258014678955078125e-02
2.246999740600585938e-02
2.354931831359863281e-02
2.139329910278320312e-02
2.760601043701171875e-02
2.468991279602050781e-02
2.029109001159667969e-02
2.434682846069335938e-02
2.000212669372558594e-02
2.583599090576171875e-02
2.058887481689453125e-02
2.323722839355468750e-02
2.191781997680664062e-02
2.186393737792968750e-02
2.134299278259277344e-02
2.125787734985351562e-02
2.543687820434570312e-02
2.148413658142089844e-02
2.134394645690917969e-02
2.093315124511718750e-02
2.567291259765625000e-02
2.117705345153808594e-02
2.315425872802734375e-02
1.964306831359863281e-02
2.198696136474609375e-02
2.152585983276367188e-02
1.897001266479492188e-02
2.057790756225585938e-02
2.440404891967773438e-02
1.920580863952636719e-02
2.225780487060546875e-02
2.421617507934570312e-02
2.309823036193847656e-02
2.258515357971191406e-02
2.424383163452148438e-02
2.527809143066406250e-02
2.336502075195312500e-02
2.238011360168457031e-02
2.625012397766113281e-02
2.248406410217285156e-02
2.607107162475585938e-02
2.191996574401855469e-02
3.306698799133300781e-02
2.113294601440429688e-02
2.360200881958007812e-02
2.346491813659667969e-02
2.340602874755859375e-02
2.290797233581542969e-02
2.496314048767089844e-02
2.598285675048828125e-02
2.196192741394042969e-02
2.261090278625488281e-02
2.402305603027343750e-02
2.288532257080078125e-02
2.338910102844238281e-02
2.181196212768554688e-02
4.138612747192382812e-02
2.614617347717285156e-02
2.432298660278320312e-02
2.652597427368164062e-02
2.401185035705566406e-02
2.423691749572753906e-02
2.535891532897949219e-02
3.374791145324707031e-02
3.119111061096191406e-02
4.188895225524902344e-02
3.426098823547363281e-02
6.384325027465820312e-02
5.075502395629882812e-02
6.605267524719238281e-02
2.699494361877441406e-02
3.021216392517089844e-02
2.181410789489746094e-02
2.269911766052246094e-02
2.190589904785156250e-02
2.576303482055664062e-02
2.269601821899414062e-02
2.933192253112792969e-02
3.621196746826171875e-02
2.618598937988281250e-02
2.829480171203613281e-02
2.579307556152343750e-02
2.423977851867675781e-02
2.204608917236328125e-02
2.404999732971191406e-02
3.323197364807128906e-02
3.007507324218750000e-02
3.125214576721191406e-02
2.244806289672851562e-02
3.112506866455078125e-02
2.106094360351562500e-02
2.941107749938964844e-02
3.218197822570800781e-02
3.672194480895996094e-02
3.078389167785644531e-02
2.947092056274414062e-02
2.680611610412597656e-02
2.231788635253906250e-02
2.535486221313476562e-02
3.112077713012695312e-02
2.869296073913574219e-02
3.787207603454589844e-02
2.875185012817382812e-02
2.174592018127441406e-02
2.558279037475585938e-02
2.477002143859863281e-02
2.209687232971191406e-02
2.500724792480468750e-02
2.493476867675781250e-02
2.188277244567871094e-02
2.058291435241699219e-02
3.275704383850097656e-02
3.133988380432128906e-02
2.197718620300292969e-02
3.186035156250000000e-02
2.608799934387207031e-02
2.835917472839355469e-02
2.819204330444335938e-02
2.263712882995605469e-02
3.372597694396972656e-02
3.128600120544433594e-02
2.599906921386718750e-02
2.308297157287597656e-02
2.214407920837402344e-02
2.096676826477050781e-02
2.653503417968750000e-02
2.710413932800292969e-02
2.028298377990722656e-02
3.128623962402343750e-02
2.081322669982910156e-02
2.231669425964355469e-02
2.550792694091796875e-02
2.095913887023925781e-02
2.102494239807128906e-02
2.874279022216796875e-02
2.787494659423828125e-02
2.362990379333496094e-02
2.483820915222167969e-02
2.210879325866699219e-02
2.065110206604003906e-02
2.659606933593750000e-02
2.205395698547363281e-02
2.308917045593261719e-02
2.791285514831542969e-02
2.753686904907226562e-02
2.982616424560546875e-02
3.439784049987792969e-02
2.072000503540039062e-02
2.458000183105468750e-02
2.259087562561035156e-02
2.456498146057128906e-02
2.104401588439941406e-02
2.654170989990234375e-02
2.344584465026855469e-02
2.039289474487304688e-02
2.659988403320312500e-02
2.938294410705566406e-02
2.193784713745117188e-02
2.726888656616210938e-02
2.171492576599121094e-02
2.159905433654785156e-02
2.542185783386230469e-02
2.136516571044921875e-02
2.441906929016113281e-02
2.395081520080566406e-02
2.943587303161621094e-02
3.939390182495117188e-02
3.173398971557617188e-02
3.327417373657226562e-02
2.379393577575683594e-02
2.912306785583496094e-02
2.275896072387695312e-02
2.549505233764648438e-02
2.126407623291015625e-02
2.365899085998535156e-02
2.656698226928710938e-02
2.402806282043457031e-02
2.199220657348632812e-02
2.813100814819335938e-02
2.404713630676269531e-02
2.096605300903320312e-02
2.671694755554199219e-02
2.005767822265625000e-02
2.138209342956542969e-02
2.810168266296386719e-02
2.060604095458984375e-02
2.294492721557617188e-02
2.963995933532714844e-02
2.401494979858398438e-02
3.486680984497070312e-02
2.894115447998046875e-02
2.338886260986328125e-02
2.580881118774414062e-02
3.098893165588378906e-02
3.367805480957031250e-02
2.514004707336425781e-02
2.574586868286132812e-02
2.726387977600097656e-02
3.445816040039062500e-02
3.800916671752929688e-02
2.857279777526855469e-02
3.109192848205566406e-02
3.447175025939941406e-02
3.197216987609863281e-02
2.556419372558593750e-02
2.914500236511230469e-02
3.030610084533691406e-02
2.906394004821777344e-02
2.709293365478515625e-02
2.451109886169433594e-02
2.648806571960449219e-02
3.268074989318847656e-02
3.033399581909179688e-02
3.190207481384277344e-02
2.409982681274414062e-02
2.644491195678710938e-02
2.334380149841308594e-02
2.590608596801757812e-02
2.736997604370117188e-02
2.346587181091308594e-02
2.294206619262695312e-02
2.224516868591308594e-02
2.590370178222656250e-02
2.204799652099609375e-02
2.204799652099609375e-02
2.707314491271972656e-02
2.211999893188476562e-02
2.537798881530761719e-02
2.226305007934570312e-02
2.922129631042480469e-02
2.782917022705078125e-02
3.962302207946777344e-02
3.405976295471191406e-02
5.778098106384277344e-02
3.796577453613281250e-02
4.949879646301269531e-02
2.857685089111328125e-02
2.760291099548339844e-02
3.081297874450683594e-02
3.676509857177734375e-02
4.243803024291992188e-02
2.324914932250976562e-02
2.140784263610839844e-02
2.537775039672851562e-02
3.202605247497558594e-02
2.547717094421386719e-02
2.574014663696289062e-02
3.055500984191894531e-02
2.765297889709472656e-02
2.663612365722656250e-02
2.807664871215820312e-02
2.993583679199218750e-02
3.654098510742187500e-02
4.721593856811523438e-02
3.635668754577636719e-02
4.071712493896484375e-02
2.359294891357421875e-02
2.649497985839843750e-02
2.932500839233398438e-02
3.786897659301757812e-02
2.691411972045898438e-02
3.603196144104003906e-02
2.568912506103515625e-02
2.381205558776855469e-02
2.779197692871093750e-02
2.780699729919433594e-02
6.364369392395019531e-02
3.496694564819335938e-02
7.200789451599121094e-02
4.309105873107910156e-02
2.531409263610839844e-02
3.277492523193359375e-02
2.825284004211425781e-02
3.296113014221191406e-02
4.153108596801757812e-02
3.688502311706542969e-02
4.520201683044433594e-02
2.664971351623535156e-02
2.680516242980957031e-02
3.320002555847167969e-02
2.533793449401855469e-02
3.447103500366210938e-02
4.775190353393554688e-02
2.908611297607421875e-02
2.620506286621093750e-02
3.896403312683105469e-02
4.174780845642089844e-02
3.446817398071289062e-02
4.113578796386718750e-02
3.438210487365722656e-02
2.528929710388183594e-02
2.682709693908691406e-02
2.455115318298339844e-02
2.325582504272460938e-02
2.795028686523437500e-02
3.269672393798828125e-02
4.102301597595214844e-02
3.427600860595703125e-02
3.260898590087890625e-02
2.430796623229980469e-02
2.924394607543945312e-02
2.510881423950195312e-02
2.277088165283203125e-02
3.033709526062011719e-02
2.394700050354003906e-02
3.425097465515136719e-02
3.179502487182617188e-02
3.803229331970214844e-02
2.754497528076171875e-02
4.476809501647949219e-02
7.350993156433105469e-02
2.732324600219726562e-02
2.679300308227539062e-02
2.759194374084472656e-02
2.606701850891113281e-02
3.213691711425781250e-02
2.734589576721191406e-02
4.724287986755371094e-02
2.747678756713867188e-02
4.382395744323730469e-02
6.258511543273925781e-02
2.661800384521484375e-02
3.265810012817382812e-02
2.733683586120605469e-02
3.706431388854980469e-02
2.885222434997558594e-02
3.195381164550781250e-02
2.960801124572753906e-02
3.842091560363769531e-02
3.295397758483886719e-02
3.332877159118652344e-02
4.237818717956542969e-02
2.930593490600585938e-02
3.300786018371582031e-02
3.088688850402832031e-02
3.546881675720214844e-02
2.782177925109863281e-02
3.258776664733886719e-02
2.705693244934082031e-02
3.361582756042480469e-02
2.965784072875976562e-02
3.257989883422851562e-02
3.173375129699707031e-02
4.035520553588867188e-02
2.781510353088378906e-02
2.561616897583007812e-02
2.244997024536132812e-02
3.174400329589843750e-02
2.592587471008300781e-02
3.817987442016601562e-02
2.208065986633300781e-02
3.054499626159667969e-02
2.334308624267578125e-02
2.446627616882324219e-02
2.638173103332519531e-02
4.344582557678222656e-02
2.432012557983398438e-02
2.916884422302246094e-02
2.500295639038085938e-02
2.287220954895019531e-02
2.853608131408691406e-02
2.577996253967285156e-02
2.416586875915527344e-02
2.617979049682617188e-02
2.360892295837402344e-02
2.362322807312011719e-02
3.061819076538085938e-02
2.555108070373535156e-02
2.382683753967285156e-02
2.441430091857910156e-02
3.071117401123046875e-02
4.008293151855468750e-02
4.810714721679687500e-02
3.655695915222167969e-02
4.077601432800292969e-02
2.287983894348144531e-02
2.672982215881347656e-02
2.426981925964355469e-02
2.233123779296875000e-02
2.512216567993164062e-02
2.263021469116210938e-02
2.256488800048828125e-02
2.772831916809082031e-02
2.256894111633300781e-02
2.581310272216796875e-02
2.374982833862304688e-02
2.259898185729980469e-02
2.278280258178710938e-02
2.593088150024414062e-02
2.386903762817382812e-02
2.295708656311035156e-02
2.818298339843750000e-02
2.243494987487792969e-02
2.474617958068847656e-02
2.642297744750976562e-02
2.650713920593261719e-02
2.263617515563964844e-02
3.495597839355468750e-02
2.147698402404785156e-02
4.529213905334472656e-02
3.197288513183593750e-02
2.585124969482421875e-02
2.495622634887695312e-02
2.388095855712890625e-02
3.037309646606445312e-02
2.464509010314941406e-02
2.342796325683593750e-02
4.526185989379882812e-02
2.881813049316406250e-02
2.189493179321289062e-02
3.744196891784667969e-02
2.779889106750488281e-02
3.128004074096679688e-02
2.243590354919433594e-02
2.264690399169921875e-02
3.171491622924804688e-02
2.290415763854980469e-02
2.650690078735351562e-02
2.296185493469238281e-02
2.588725090026855469e-02
2.214980125427246094e-02
2.675104141235351562e-02
2.536988258361816406e-02
2.309489250183105469e-02
2.380490303039550781e-02
3.048706054687500000e-02
3.335309028625488281e-02
3.306794166564941406e-02
3.243589401245117188e-02
3.489089012145996094e-02
3.206801414489746094e-02
2.732396125793457031e-02
2.495479583740234375e-02
2.470803260803222656e-02
2.522301673889160156e-02
2.671909332275390625e-02
2.273106575012207031e-02
2.385926246643066406e-02
2.412104606628417969e-02
2.547979354858398438e-02
2.959108352661132812e-02
2.229094505310058594e-02
2.436804771423339844e-02
3.087520599365234375e-02
2.078604698181152344e-02
2.113270759582519531e-02
2.825903892517089844e-02
2.459788322448730469e-02
2.258491516113281250e-02
2.690291404724121094e-02
2.380800247192382812e-02
2.244997024536132812e-02
2.788567543029785156e-02
2.095794677734375000e-02
2.241015434265136719e-02
2.694082260131835938e-02
2.166700363159179688e-02
2.230811119079589844e-02
2.616906166076660156e-02
2.314805984497070312e-02
2.543807029724121094e-02
2.993798255920410156e-02
2.539491653442382812e-02
3.068208694458007812e-02
2.551293373107910156e-02
2.718830108642578125e-02
2.945613861083984375e-02
2.388095855712890625e-02
2.289199829101562500e-02
2.863192558288574219e-02
2.419710159301757812e-02
2.523422241210937500e-02
2.975821495056152344e-02
4.028487205505371094e-02
2.554821968078613281e-02
2.260971069335937500e-02
2.227616310119628906e-02
2.539110183715820312e-02
2.322578430175781250e-02
2.329206466674804688e-02
2.664279937744140625e-02
2.477502822875976562e-02
2.192687988281250000e-02
2.832221984863281250e-02
2.602005004882812500e-02
2.581214904785156250e-02
2.479290962219238281e-02
2.251696586608886719e-02
2.562594413757324219e-02
2.748703956604003906e-02
2.432680130004882812e-02
2.265787124633789062e-02
2.353692054748535156e-02
2.643418312072753906e-02
2.899813652038574219e-02
3.114008903503417969e-02
2.778506278991699219e-02
2.221107482910156250e-02
2.410101890563964844e-02
2.619910240173339844e-02
2.326607704162597656e-02
2.305698394775390625e-02
2.893376350402832031e-02
2.470302581787109375e-02
2.304315567016601562e-02
2.700400352478027344e-02
2.167892456054687500e-02
2.565383911132812500e-02
2.510023117065429688e-02
2.497673034667968750e-02
2.515196800231933594e-02
2.915096282958984375e-02
2.267599105834960938e-02
2.741670608520507812e-02
2.303218841552734375e-02
2.464818954467773438e-02
2.252697944641113281e-02
2.383303642272949219e-02
2.430820465087890625e-02
3.237700462341308594e-02
2.631807327270507812e-02
2.288103103637695312e-02
2.715325355529785156e-02
2.508378028869628906e-02
2.794289588928222656e-02
2.341318130493164062e-02
2.507209777832031250e-02
3.298616409301757812e-02
2.220225334167480469e-02
2.436494827270507812e-02
2.964830398559570312e-02
2.561998367309570312e-02
2.901315689086914062e-02
2.331495285034179688e-02
2.323579788208007812e-02
2.501702308654785156e-02
2.252888679504394531e-02
2.307009696960449219e-02
2.617287635803222656e-02
2.215695381164550781e-02
2.217507362365722656e-02
2.883481979370117188e-02
2.340102195739746094e-02
2.549910545349121094e-02
2.921128273010253906e-02
2.486991882324218750e-02
2.301192283630371094e-02
2.661108970642089844e-02
2.262806892395019531e-02
2.302789688110351562e-02
2.586221694946289062e-02
2.676391601562500000e-02
2.774190902709960938e-02
2.538919448852539062e-02
2.690601348876953125e-02
2.544021606445312500e-02
2.322101593017578125e-02
2.740907669067382812e-02
2.838778495788574219e-02
2.754402160644531250e-02
2.522897720336914062e-02
2.596998214721679688e-02
2.837824821472167969e-02
2.750897407531738281e-02
2.444791793823242188e-02
2.368998527526855469e-02
2.379798889160156250e-02
2.158808708190917969e-02
3.503417968750000000e-02
2.902579307556152344e-02
2.612900733947753906e-02
2.573919296264648438e-02
2.624607086181640625e-02
2.495002746582031250e-02
2.734017372131347656e-02
2.332329750061035156e-02
3.234219551086425781e-02
2.703428268432617188e-02
3.215527534484863281e-02
2.733278274536132812e-02
2.170515060424804688e-02
2.234697341918945312e-02
2.640104293823242188e-02
4.208588600158691406e-02
3.403306007385253906e-02
2.261686325073242188e-02
2.302408218383789062e-02
3.410506248474121094e-02
2.662897109985351562e-02
2.531909942626953125e-02
2.155017852783203125e-02
2.661299705505371094e-02
3.098583221435546875e-02
2.449822425842285156e-02
2.602505683898925781e-02
2.600812911987304688e-02
3.301405906677246094e-02
2.719998359680175781e-02
6.405997276306152344e-02
2.621698379516601562e-02
2.720904350280761719e-02
2.913713455200195312e-02
2.345800399780273438e-02
2.547907829284667969e-02
2.660489082336425781e-02
2.266812324523925781e-02
2.385807037353515625e-02
2.848696708679199219e-02
2.554512023925781250e-02
2.205920219421386719e-02
2.712893486022949219e-02
2.353596687316894531e-02
2.465891838073730469e-02
2.612400054931640625e-02
2.496814727783203125e-02
2.744197845458984375e-02
2.300596237182617188e-02
2.821135520935058594e-02
3.135609626770019531e-02
2.280402183532714844e-02
2.670311927795410156e-02
2.455091476440429688e-02
2.874183654785156250e-02
2.600884437561035156e-02
2.616500854492187500e-02
2.598309516906738281e-02
2.631282806396484375e-02
2.278280258178710938e-02
2.666187286376953125e-02
2.381610870361328125e-02
2.556705474853515625e-02
3.092288970947265625e-02
2.335095405578613281e-02
3.512096405029296875e-02
2.219486236572265625e-02
2.235412597656250000e-02
2.561783790588378906e-02
2.515387535095214844e-02
2.322316169738769531e-02
2.931118011474609375e-02
2.395081520080566406e-02
2.437615394592285156e-02
2.715110778808593750e-02
2.446317672729492188e-02
3.142595291137695312e-02
2.136588096618652344e-02
2.250385284423828125e-02
2.942681312561035156e-02
2.384805679321289062e-02
2.798080444335937500e-02
2.586388587951660156e-02
2.867197990417480469e-02
2.840566635131835938e-02
2.516698837280273438e-02
2.661800384521484375e-02
3.199219703674316406e-02
3.341197967529296875e-02
2.489519119262695312e-02
2.485203742980957031e-02
2.420401573181152344e-02
2.680587768554687500e-02
3.262710571289062500e-02
2.890610694885253906e-02
2.606892585754394531e-02
2.503776550292968750e-02
2.625107765197753906e-02
2.682781219482421875e-02
2.879571914672851562e-02
2.921009063720703125e-02
2.831411361694335938e-02
2.478909492492675781e-02
2.783107757568359375e-02
2.721786499023437500e-02
2.998185157775878906e-02
2.380585670471191406e-02
2.670097351074218750e-02
3.382706642150878906e-02
2.553987503051757812e-02
2.773213386535644531e-02
2.997994422912597656e-02
3.255724906921386719e-02
2.718091011047363281e-02
2.857875823974609375e-02
3.094124794006347656e-02
2.729010581970214844e-02
2.818989753723144531e-02
2.279305458068847656e-02
2.784585952758789062e-02
3.092408180236816406e-02
2.566885948181152344e-02
2.561902999877929688e-02
2.553129196166992188e-02
2.530884742736816406e-02
2.893209457397460938e-02
2.511572837829589844e-02
2.809906005859375000e-02
2.040386199951171875e-02
2.518415451049804688e-02
3.214216232299804688e-02
3.173494338989257812e-02
3.051114082336425781e-02
2.209210395812988281e-02
2.458095550537109375e-02
2.834582328796386719e-02
2.396678924560546875e-02
2.191710472106933594e-02
2.991485595703125000e-02
2.289628982543945312e-02
2.464509010314941406e-02
2.544617652893066406e-02
2.426290512084960938e-02
2.883887290954589844e-02
3.152585029602050781e-02
2.872395515441894531e-02
3.386116027832031250e-02
2.895617485046386719e-02
2.460503578186035156e-02
2.624177932739257812e-02
2.418899536132812500e-02
2.750110626220703125e-02
2.547597885131835938e-02
2.714705467224121094e-02
2.596569061279296875e-02
2.593326568603515625e-02
3.016877174377441406e-02
2.266883850097656250e-02
2.664923667907714844e-02
2.775979042053222656e-02
2.703189849853515625e-02
2.470183372497558594e-02
2.412796020507812500e-02
2.596402168273925781e-02
2.806210517883300781e-02
2.736711502075195312e-02
2.649497985839843750e-02
2.497482299804687500e-02
2.881312370300292969e-02
2.245211601257324219e-02
2.445387840270996094e-02
2.321696281433105469e-02
2.535223960876464844e-02
2.305483818054199219e-02
2.834892272949218750e-02
2.416372299194335938e-02
2.888083457946777344e-02
2.706384658813476562e-02
2.475500106811523438e-02
2.765202522277832031e-02
2.804207801818847656e-02
2.548408508300781250e-02
2.403831481933593750e-02
2.848720550537109375e-02
2.431106567382812500e-02
2.778077125549316406e-02
2.362275123596191406e-02
2.586078643798828125e-02
2.495288848876953125e-02
2.586698532104492188e-02
2.923107147216796875e-02
2.790999412536621094e-02
2.511000633239746094e-02
2.242112159729003906e-02
3.792619705200195312e-02
2.574419975280761719e-02
2.722573280334472656e-02
2.508115768432617188e-02
2.443718910217285156e-02
2.772092819213867188e-02
3.214478492736816406e-02
4.642605781555175781e-02
2.805089950561523438e-02
3.142404556274414062e-02
2.679872512817382812e-02
3.781509399414062500e-02
2.913880348205566406e-02
2.396082878112792969e-02
2.734208106994628906e-02
2.694797515869140625e-02
2.479267120361328125e-02
3.848505020141601562e-02
2.626776695251464844e-02
2.721619606018066406e-02
2.480411529541015625e-02
2.718114852905273438e-02
2.487301826477050781e-02
3.184509277343750000e-02
2.671694755554199219e-02
2.278900146484375000e-02
2.906703948974609375e-02
2.682805061340332031e-02
3.116416931152343750e-02
3.117918968200683594e-02
3.455901145935058594e-02
2.457714080810546875e-02
3.701400756835937500e-02
2.473020553588867188e-02
2.800607681274414062e-02
2.782273292541503906e-02
2.800416946411132812e-02
3.237676620483398438e-02
2.484679222106933594e-02
2.832579612731933594e-02
3.740000724792480469e-02
2.993583679199218750e-02
2.575182914733886719e-02
3.404712677001953125e-02
2.549505233764648438e-02
2.521181106567382812e-02
2.620100975036621094e-02
2.958822250366210938e-02
3.097105026245117188e-02
3.281188011169433594e-02
3.343296051025390625e-02
5.258202552795410156e-02
2.921915054321289062e-02
2.624297142028808594e-02
2.612805366516113281e-02
3.667712211608886719e-02
2.313399314880371094e-02
3.411889076232910156e-02
2.656912803649902344e-02
3.126502037048339844e-02
2.624297142028808594e-02
2.699303627014160156e-02
2.915406227111816406e-02
2.549910545349121094e-02
4.261398315429687500e-02
3.282523155212402344e-02
2.983784675598144531e-02
3.120613098144531250e-02
2.641296386718750000e-02
2.520704269409179688e-02
2.762389183044433594e-02
2.604413032531738281e-02
3.494668006896972656e-02
4.819512367248535156e-02
4.667091369628906250e-02
3.027510643005371094e-02
2.470231056213378906e-02
2.192616462707519531e-02
3.166627883911132812e-02
2.584195137023925781e-02
2.686476707458496094e-02
2.624607086181640625e-02
2.456498146057128906e-02
2.943587303161621094e-02
2.364492416381835938e-02
2.577590942382812500e-02
2.808928489685058594e-02
2.531504631042480469e-02
2.755308151245117188e-02
2.331376075744628906e-02
2.600598335266113281e-02
2.736568450927734375e-02
2.425503730773925781e-02
2.335214614868164062e-02
2.905702590942382812e-02
2.887392044067382812e-02
3.344702720642089844e-02
2.934670448303222656e-02
3.332805633544921875e-02
2.237200736999511719e-02
2.664494514465332031e-02
2.683901786804199219e-02
2.708625793457031250e-02
2.776098251342773438e-02
2.286577224731445312e-02
2.777910232543945312e-02
3.767013549804687500e-02
2.595472335815429688e-02
3.952169418334960938e-02
3.087306022644042969e-02
2.752113342285156250e-02
3.013920783996582031e-02
2.939295768737792969e-02
2.646589279174804688e-02
2.859115600585937500e-02
2.135086059570312500e-02
2.477407455444335938e-02
2.978730201721191406e-02
3.385901451110839844e-02
3.560566902160644531e-02
2.910089492797851562e-02
3.636980056762695312e-02
2.783799171447753906e-02
2.690887451171875000e-02
2.446627616882324219e-02
2.908682823181152344e-02
2.515912055969238281e-02
2.447009086608886719e-02
2.575802803039550781e-02
2.596282958984375000e-02
2.785897254943847656e-02
2.707505226135253906e-02
2.713394165039062500e-02
2.535820007324218750e-02
3.267526626586914062e-02
3.141522407531738281e-02
2.884292602539062500e-02
3.071212768554687500e-02
2.775692939758300781e-02
3.287196159362792969e-02
2.506399154663085938e-02
2.533292770385742188e-02
2.948617935180664062e-02
2.381110191345214844e-02
3.110313415527343750e-02
2.257513999938964844e-02
2.553200721740722656e-02
2.996134757995605469e-02
2.384805679321289062e-02
2.913880348205566406e-02
2.599406242370605469e-02
2.779483795166015625e-02
2.615904808044433594e-02
2.544736862182617188e-02
2.626514434814453125e-02
2.446198463439941406e-02
2.743601799011230469e-02
3.969311714172363281e-02
2.660560607910156250e-02
3.060388565063476562e-02
2.442717552185058594e-02
2.998399734497070312e-02
2.643728256225585938e-02
2.516293525695800781e-02
2.830505371093750000e-02
2.515196800231933594e-02
3.170800209045410156e-02
2.274084091186523438e-02
2.742600440979003906e-02
2.486681938171386719e-02
2.445220947265625000e-02
2.815198898315429688e-02
2.355098724365234375e-02
2.656602859497070312e-02
2.756500244140625000e-02
2.660608291625976562e-02
2.631688117980957031e-02
2.593302726745605469e-02
2.420401573181152344e-02
3.288602828979492188e-02
2.590680122375488281e-02
2.748990058898925781e-02
2.775692939758300781e-02
2.841377258300781250e-02
2.831006050109863281e-02
2.424287796020507812e-02
2.630186080932617188e-02
2.647495269775390625e-02
2.874803543090820312e-02
3.176903724670410156e-02
2.609515190124511719e-02
3.515505790710449219e-02
2.468681335449218750e-02
3.866386413574218750e-02
3.541016578674316406e-02
2.760314941406250000e-02
2.752614021301269531e-02
2.803492546081542969e-02
3.078389167785644531e-02
4.076385498046875000e-02
2.629709243774414062e-02
2.836704254150390625e-02
2.713394165039062500e-02
2.482771873474121094e-02
2.631688117980957031e-02
3.910398483276367188e-02
2.932095527648925781e-02
3.053689002990722656e-02
2.908110618591308594e-02
2.927303314208984375e-02
2.924704551696777344e-02
2.593302726745605469e-02
2.947473526000976562e-02
2.622699737548828125e-02
2.609610557556152344e-02
2.450799942016601562e-02
2.689814567565917969e-02
2.600598335266113281e-02
2.763533592224121094e-02
2.932500839233398438e-02
2.636814117431640625e-02
2.583909034729003906e-02
2.604103088378906250e-02
2.587199211120605469e-02
2.714109420776367188e-02
2.968382835388183594e-02
2.895498275756835938e-02
2.456927299499511719e-02
3.429007530212402344e-02
2.477908134460449219e-02
3.171706199645996094e-02
2.937483787536621094e-02
2.727222442626953125e-02
2.939105033874511719e-02
2.660083770751953125e-02
2.926421165466308594e-02
2.430224418640136719e-02
3.227090835571289062e-02
2.077388763427734375e-02
3.397512435913085938e-02
3.372120857238769531e-02
2.816295623779296875e-02
3.044772148132324219e-02
2.575087547302246094e-02
2.798891067504882812e-02
2.439904212951660156e-02
2.782893180847167969e-02
2.739596366882324219e-02
2.738189697265625000e-02
2.759337425231933594e-02
2.707195281982421875e-02
2.485299110412597656e-02
3.080701828002929688e-02
3.002786636352539062e-02
2.828907966613769531e-02
2.622723579406738281e-02
2.747607231140136719e-02
2.446103096008300781e-02
2.591109275817871094e-02
2.936792373657226562e-02
2.671003341674804688e-02
2.505898475646972656e-02
2.976608276367187500e-02
2.602005004882812500e-02
3.174924850463867188e-02
2.593779563903808594e-02
2.602720260620117188e-02
2.711701393127441406e-02
2.373194694519042969e-02
2.480101585388183594e-02
2.534508705139160156e-02
2.758312225341796875e-02
3.466701507568359375e-02
2.411985397338867188e-02
2.514290809631347656e-02
2.618312835693359375e-02
2.634906768798828125e-02
2.945208549499511719e-02
3.155994415283203125e-02
2.911114692687988281e-02
3.046512603759765625e-02
3.253078460693359375e-02
2.396273612976074219e-02
2.461504936218261719e-02
3.020811080932617188e-02
2.411127090454101562e-02
2.878189086914062500e-02
2.373290061950683594e-02
2.707386016845703125e-02
2.893996238708496094e-02
2.286481857299804688e-02
2.770781517028808594e-02
2.988219261169433594e-02
3.028917312622070312e-02
3.486609458923339844e-02
2.827000617980957031e-02
3.122520446777343750e-02
2.441501617431640625e-02
3.655409812927246094e-02
3.577494621276855469e-02
2.920794486999511719e-02
3.077816963195800781e-02
3.291392326354980469e-02
4.006290435791015625e-02
3.236079216003417969e-02
3.137516975402832031e-02
3.322815895080566406e-02
2.837920188903808594e-02
3.764915466308593750e-02
2.624297142028808594e-02
3.779506683349609375e-02
2.754616737365722656e-02
2.681708335876464844e-02
2.809500694274902344e-02
2.443313598632812500e-02
2.760601043701171875e-02
2.507781982421875000e-02
2.610301971435546875e-02
2.881169319152832031e-02
2.774500846862792969e-02
3.050088882446289062e-02
2.571225166320800781e-02
2.354216575622558594e-02
2.757382392883300781e-02
2.638792991638183594e-02
2.926111221313476562e-02
2.637720108032226562e-02
2.862524986267089844e-02
2.567887306213378906e-02
2.366209030151367188e-02
3.088998794555664062e-02
2.941584587097167969e-02
2.590513229370117188e-02
2.433300018310546875e-02
2.759289741516113281e-02
2.849626541137695312e-02
2.656388282775878906e-02
2.623391151428222656e-02
2.658820152282714844e-02
2.285075187683105469e-02
2.687478065490722656e-02
2.659893035888671875e-02
2.905797958374023438e-02
2.441382408142089844e-02
2.639198303222656250e-02
2.482485771179199219e-02
2.633881568908691406e-02
3.154516220092773438e-02
2.463889122009277344e-02
2.967071533203125000e-02
2.527904510498046875e-02
2.810597419738769531e-02
2.551603317260742188e-02
2.659869194030761719e-02
3.111100196838378906e-02
2.478003501892089844e-02
3.021407127380371094e-02
2.414584159851074219e-02
2.425599098205566406e-02
3.121829032897949219e-02
2.428698539733886719e-02
2.892398834228515625e-02
2.399301528930664062e-02
2.433705329895019531e-02
2.764701843261718750e-02
2.360081672668457031e-02
2.808880805969238281e-02
2.389216423034667969e-02
2.428889274597167969e-02
3.096389770507812500e-02
2.960681915283203125e-02
2.938723564147949219e-02
3.085184097290039062e-02
3.404808044433593750e-02
2.251434326171875000e-02
3.081798553466796875e-02
2.587795257568359375e-02
2.730607986450195312e-02
3.335690498352050781e-02
2.657508850097656250e-02
2.912020683288574219e-02
2.059388160705566406e-02
2.720594406127929688e-02
2.696704864501953125e-02
2.426290512084960938e-02
3.192806243896484375e-02
3.120207786560058594e-02
2.603912353515625000e-02
2.275609970092773438e-02
2.441906929016113281e-02
2.514505386352539062e-02
3.190994262695312500e-02
2.836394309997558594e-02
2.446198463439941406e-02
2.740716934204101562e-02
2.887511253356933594e-02
2.254104614257812500e-02
2.796912193298339844e-02
2.593207359313964844e-02
2.784729003906250000e-02
2.591609954833984375e-02
2.511096000671386719e-02
2.978301048278808594e-02
2.696228027343750000e-02
3.524899482727050781e-02
2.897572517395019531e-02
2.712702751159667969e-02
2.759981155395507812e-02
3.496718406677246094e-02
2.714276313781738281e-02
2.662897109985351562e-02
2.590799331665039062e-02
2.712917327880859375e-02
2.774596214294433594e-02
2.435088157653808594e-02
3.004002571105957031e-02
2.681517601013183594e-02
2.824187278747558594e-02
2.543377876281738281e-02
2.731609344482421875e-02
2.689218521118164062e-02
3.083205223083496094e-02
3.203988075256347656e-02
2.740597724914550781e-02
3.168797492980957031e-02
2.669906616210937500e-02
2.959513664245605469e-02
3.197789192199707031e-02
3.111481666564941406e-02
2.554297447204589844e-02
2.455306053161621094e-02
2.627086639404296875e-02
2.496910095214843750e-02
2.886986732482910156e-02
2.469086647033691406e-02
3.590917587280273438e-02
2.332496643066406250e-02
2.522397041320800781e-02
2.817487716674804688e-02
2.835726737976074219e-02
3.562402725219726562e-02
2.639579772949218750e-02
3.009986877441406250e-02
2.734684944152832031e-02
2.700471878051757812e-02
2.595901489257812500e-02
2.251791954040527344e-02
4.318737983703613281e-02
3.095698356628417969e-02
2.669382095336914062e-02
2.216219902038574219e-02
3.128600120544433594e-02
3.135895729064941406e-02
2.900695800781250000e-02
2.558994293212890625e-02
2.725911140441894531e-02
2.973484992980957031e-02
2.661395072937011719e-02
3.086900711059570312e-02
3.221082687377929688e-02
2.968120574951171875e-02
2.615094184875488281e-02
3.407478332519531250e-02
2.269482612609863281e-02
2.782297134399414062e-02
2.880907058715820312e-02
2.668499946594238281e-02
2.975702285766601562e-02
2.333903312683105469e-02
2.566003799438476562e-02
2.602624893188476562e-02
2.622604370117187500e-02
3.340697288513183594e-02
2.581405639648437500e-02
3.365921974182128906e-02
2.315497398376464844e-02
3.459191322326660156e-02
2.906084060668945312e-02
2.553868293762207031e-02
2.688121795654296875e-02
2.414488792419433594e-02
2.445483207702636719e-02
2.732801437377929688e-02
2.621483802795410156e-02
2.812695503234863281e-02
2.653193473815917969e-02
2.320981025695800781e-02
2.791595458984375000e-02
2.445197105407714844e-02
3.625822067260742188e-02
3.093385696411132812e-02
2.377796173095703125e-02
6.774997711181640625e-02
4.820990562438964844e-02
3.577280044555664062e-02
3.612589836120605469e-02
3.170824050903320312e-02
3.041219711303710938e-02
2.500009536743164062e-02
2.656197547912597656e-02
3.742885589599609375e-02
2.596783638000488281e-02
4.453206062316894531e-02
3.001809120178222656e-02
2.735710144042968750e-02
2.986788749694824219e-02
3.298211097717285156e-02
3.281807899475097656e-02
2.945208549499511719e-02
3.167486190795898438e-02
3.680992126464843750e-02
2.806496620178222656e-02
2.651023864746093750e-02
3.930902481079101562e-02
2.901196479797363281e-02
3.058791160583496094e-02
3.311109542846679688e-02
5.152988433837890625e-02
4.136490821838378906e-02
6.075382232666015625e-02
2.911400794982910156e-02
2.609586715698242188e-02
2.669692039489746094e-02
2.795410156250000000e-02
3.541874885559082031e-02
3.895807266235351562e-02
5.010676383972167969e-02
6.203413009643554688e-02
3.335404396057128906e-02
3.730106353759765625e-02
2.219080924987792969e-02
3.065705299377441406e-02
5.347585678100585938e-02
3.731799125671386719e-02
5.272102355957031250e-02
4.048991203308105469e-02
3.170895576477050781e-02
4.606604576110839844e-02
3.553795814514160156e-02
2.991914749145507812e-02
3.960680961608886719e-02
4.236292839050292969e-02
5.095815658569335938e-02
