8.377799987792968750e-01
4.681301116943359375e-02
2.478909492492675781e-02
3.212404251098632812e-02
2.917098999023437500e-02
2.840709686279296875e-02
2.622985839843750000e-02
2.999401092529296875e-02
2.986216545104980469e-02
2.438282966613769531e-02
3.381109237670898438e-02
2.772092819213867188e-02
2.811789512634277344e-02
2.875423431396484375e-02
3.604507446289062500e-02
2.962207794189453125e-02
2.790307998657226562e-02
3.158712387084960938e-02
2.674818038940429688e-02
2.848601341247558594e-02
3.111124038696289062e-02
2.858781814575195312e-02
3.347301483154296875e-02
2.560615539550781250e-02
3.090715408325195312e-02
3.009510040283203125e-02
2.625513076782226562e-02
3.376626968383789062e-02
2.577400207519531250e-02
3.009676933288574219e-02
2.574801445007324219e-02
2.947402000427246094e-02
2.861571311950683594e-02
2.755999565124511719e-02
2.859401702880859375e-02
2.888607978820800781e-02
2.720904350280761719e-02
3.240990638732910156e-02
2.870798110961914062e-02
2.489519119262695312e-02
2.942109107971191406e-02
2.493906021118164062e-02
3.104805946350097656e-02
2.613306045532226562e-02
3.216838836669921875e-02
2.709197998046875000e-02
2.679705619812011719e-02
2.654004096984863281e-02
2.504301071166992188e-02
3.049111366271972656e-02
2.668285369873046875e-02
2.599406242370605469e-02
2.577805519104003906e-02
3.161692619323730469e-02
2.615976333618164062e-02
2.772498130798339844e-02
2.446699142456054688e-02
2.685093879699707031e-02
2.710795402526855469e-02
2.386403083801269531e-02
2.577805519104003906e-02
2.918505668640136719e-02
2.457499504089355469e-02
2.737903594970703125e-02
2.914404869079589844e-02
2.821779251098632812e-02
3.104114532470703125e-02
3.014922142028808594e-02
3.014969825744628906e-02
2.855396270751953125e-02
2.792501449584960938e-02
3.128123283386230469e-02
2.748799324035644531e-02
3.175592422485351562e-02
2.699971199035644531e-02
3.973603248596191406e-02
2.597284317016601562e-02
2.886509895324707031e-02
2.761983871459960938e-02
2.888512611389160156e-02
2.816510200500488281e-02
3.024196624755859375e-02
3.132176399230957031e-02
2.711200714111328125e-02
2.821087837219238281e-02
2.907395362854003906e-02
2.829790115356445312e-02
2.742099761962890625e-02
3.012371063232421875e-02
4.823303222656250000e-02
3.234910964965820312e-02
2.932405471801757812e-02
3.138923645019531250e-02
2.910995483398437500e-02
2.899479866027832031e-02
2.946138381958007812e-02
4.019093513488769531e-02
3.783202171325683594e-02
4.812073707580566406e-02
4.244899749755859375e-02
7.178592681884765625e-02
5.699896812438964844e-02
7.275199890136718750e-02
4.254794120788574219e-02
3.939795494079589844e-02
2.704095840454101562e-02
2.850198745727539062e-02
2.739500999450683594e-02
3.255414962768554688e-02
2.828192710876464844e-02
3.426671028137207031e-02
4.687881469726562500e-02
4.100203514099121094e-02
3.355407714843750000e-02
4.099178314208984375e-02
3.154778480529785156e-02
3.433108329772949219e-02
3.382396697998046875e-02
3.858780860900878906e-02
4.129981994628906250e-02
4.265809059143066406e-02
3.969717025756835938e-02
3.694295883178710938e-02
3.739690780639648438e-02
3.555917739868164062e-02
4.480290412902832031e-02
4.830527305603027344e-02
4.908800125122070312e-02
4.598593711853027344e-02
3.544187545776367188e-02
3.173208236694335938e-02
3.439283370971679688e-02
3.721308708190917969e-02
4.039907455444335938e-02
5.081081390380859375e-02
4.455280303955078125e-02
3.228712081909179688e-02
3.555393218994140625e-02
3.520393371582031250e-02
3.289484977722167969e-02
3.423690795898437500e-02
3.435683250427246094e-02
3.112030029296875000e-02
2.968120574951171875e-02
3.912520408630371094e-02
4.285693168640136719e-02
3.696322441101074219e-02
3.794288635253906250e-02
4.149603843688964844e-02
3.428602218627929688e-02
3.870987892150878906e-02
3.832292556762695312e-02
4.026913642883300781e-02
4.323673248291015625e-02
4.246306419372558594e-02
3.351402282714843750e-02
3.222179412841796875e-02
3.096961975097656250e-02
3.661370277404785156e-02
3.740501403808593750e-02
3.034281730651855469e-02
4.122376441955566406e-02
3.104710578918457031e-02
3.208994865417480469e-02
3.715229034423828125e-02
3.046989440917968750e-02
3.123211860656738281e-02
3.861403465270996094e-02
3.435802459716796875e-02
4.008698463439941406e-02
3.429913520812988281e-02
3.245329856872558594e-02
3.045821189880371094e-02
3.680205345153808594e-02
3.238487243652343750e-02
3.271389007568359375e-02
3.873682022094726562e-02
3.367233276367187500e-02
4.266619682312011719e-02
4.625082015991210938e-02
3.575086593627929688e-02
3.563308715820312500e-02
3.342723846435546875e-02
3.464984893798828125e-02
3.101491928100585938e-02
3.672289848327636719e-02
3.322529792785644531e-02
2.980780601501464844e-02
3.618097305297851562e-02
3.644490242004394531e-02
3.693366050720214844e-02
3.739500045776367188e-02
3.381204605102539062e-02
2.763915061950683594e-02
3.343510627746582031e-02
2.755379676818847656e-02
3.143882751464843750e-02
2.909803390502929688e-02
3.588199615478515625e-02
5.122613906860351562e-02
4.429316520690917969e-02
4.613709449768066406e-02
4.545998573303222656e-02
3.665828704833984375e-02
3.932213783264160156e-02
3.786897659301757812e-02
3.191208839416503906e-02
3.421378135681152344e-02
3.722000122070312500e-02
3.484606742858886719e-02
3.226685523986816406e-02
3.959989547729492188e-02
3.420209884643554688e-02
3.151011466979980469e-02
3.742909431457519531e-02
3.086829185485839844e-02
3.165006637573242188e-02
3.873276710510253906e-02
3.052330017089843750e-02
3.121376037597656250e-02
3.743290901184082031e-02
3.219509124755859375e-02
4.340100288391113281e-02
4.516124725341796875e-02
3.447294235229492188e-02
3.739619255065917969e-02
3.829288482666015625e-02
4.487085342407226562e-02
3.293013572692871094e-02
3.205990791320800781e-02
3.516316413879394531e-02
4.229283332824707031e-02
5.146408081054687500e-02
4.743385314941406250e-02
4.282999038696289062e-02
4.910397529602050781e-02
4.829478263854980469e-02
3.226184844970703125e-02
4.150080680847167969e-02
3.796505928039550781e-02
3.796720504760742188e-02
3.438472747802734375e-02
3.209114074707031250e-02
3.530001640319824219e-02
4.185390472412109375e-02
4.693984985351562500e-02
4.297113418579101562e-02
3.470683097839355469e-02
3.450703620910644531e-02
3.091502189636230469e-02
3.262829780578613281e-02
3.431177139282226562e-02
3.036427497863769531e-02
3.053498268127441406e-02
2.863311767578125000e-02
3.398871421813964844e-02
2.954506874084472656e-02
2.926015853881835938e-02
3.557395935058593750e-02
2.886891365051269531e-02
3.425574302673339844e-02
2.981996536254882812e-02
3.948998451232910156e-02
3.752279281616210938e-02
4.583311080932617188e-02
5.912971496582031250e-02
7.382297515869140625e-02
5.084586143493652344e-02
6.307768821716308594e-02
4.969882965087890625e-02
4.108405113220214844e-02
4.731392860412597656e-02
5.034804344177246094e-02
5.469584465026855469e-02
3.523707389831542969e-02
3.380084037780761719e-02
3.588795661926269531e-02
4.277420043945312500e-02
3.303694725036621094e-02
3.332114219665527344e-02
3.988409042358398438e-02
3.893375396728515625e-02
3.425121307373046875e-02
3.815293312072753906e-02
3.609204292297363281e-02
4.257678985595703125e-02
6.025695800781250000e-02
5.348896980285644531e-02
6.925702095031738281e-02
3.947806358337402344e-02
3.837776184082031250e-02
4.193210601806640625e-02
5.264592170715332031e-02
3.865122795104980469e-02
4.215908050537109375e-02
4.196500778198242188e-02
3.825116157531738281e-02
3.836703300476074219e-02
4.013681411743164062e-02
8.136391639709472656e-02
4.440808296203613281e-02
9.120893478393554688e-02
5.844283103942871094e-02
3.703403472900390625e-02
6.347703933715820312e-02
4.481101036071777344e-02
7.876610755920410156e-02
6.088280677795410156e-02
5.747103691101074219e-02
6.546115875244140625e-02
3.913116455078125000e-02
3.828096389770507812e-02
4.044318199157714844e-02
4.122591018676757812e-02
4.352498054504394531e-02
8.163309097290039062e-02
4.625415802001953125e-02
4.573392868041992188e-02
5.400300025939941406e-02
5.507802963256835938e-02
5.392217636108398438e-02
5.926704406738281250e-02
5.146288871765136719e-02
3.802204132080078125e-02
3.800106048583984375e-02
3.630995750427246094e-02
3.358125686645507812e-02
4.133296012878417969e-02
4.053783416748046875e-02
5.788397789001464844e-02
6.356596946716308594e-02
4.714107513427734375e-02
3.690314292907714844e-02
4.129791259765625000e-02
3.686332702636718750e-02
3.974699974060058594e-02
4.695105552673339844e-02
3.164529800415039062e-02
4.757976531982421875e-02
4.461598396301269531e-02
8.026409149169921875e-02
7.039070129394531250e-02
6.386590003967285156e-02
1.124677658081054688e-01
4.919695854187011719e-02
3.890204429626464844e-02
3.812932968139648438e-02
4.180479049682617188e-02
5.736494064331054688e-02
5.592799186706542969e-02
8.892488479614257812e-02
6.038284301757812500e-02
5.862307548522949219e-02
7.858610153198242188e-02
3.547215461730957031e-02
4.650497436523437500e-02
4.014086723327636719e-02
5.386018753051757812e-02
4.195117950439453125e-02
4.070305824279785156e-02
4.268193244934082031e-02
4.980087280273437500e-02
5.881595611572265625e-02
4.974794387817382812e-02
5.685591697692871094e-02
4.720902442932128906e-02
5.357694625854492188e-02
4.956603050231933594e-02
5.496597290039062500e-02
4.296207427978515625e-02
4.387879371643066406e-02
3.860497474670410156e-02
4.200291633605957031e-02
4.784202575683593750e-02
4.765319824218750000e-02
4.536294937133789062e-02
7.790899276733398438e-02
3.689098358154296875e-02
3.453087806701660156e-02
3.454494476318359375e-02
4.533767700195312500e-02
3.559112548828125000e-02
4.809617996215820312e-02
3.421807289123535156e-02
3.986001014709472656e-02
3.592610359191894531e-02
3.288412094116210938e-02
3.465819358825683594e-02
6.394219398498535156e-02
3.607821464538574219e-02
3.742218017578125000e-02
4.545307159423828125e-02
3.409624099731445312e-02
4.340600967407226562e-02
3.677320480346679688e-02
3.567790985107421875e-02
3.596520423889160156e-02
3.199291229248046875e-02
3.220796585083007812e-02
4.044604301452636719e-02
3.498101234436035156e-02
3.271603584289550781e-02
3.876972198486328125e-02
5.494928359985351562e-02
5.034589767456054688e-02
5.747485160827636719e-02
4.893612861633300781e-02
4.934000968933105469e-02
3.520894050598144531e-02
3.689432144165039062e-02
3.525924682617187500e-02
3.096389770507812500e-02
3.736329078674316406e-02
3.122901916503906250e-02
3.485393524169921875e-02
3.616619110107421875e-02
3.422927856445312500e-02
3.571915626525878906e-02
3.561496734619140625e-02
3.148126602172851562e-02
3.131175041198730469e-02
3.395795822143554688e-02
3.248715400695800781e-02
3.468108177185058594e-02
3.628993034362792969e-02
3.457117080688476562e-02
3.300523757934570312e-02
3.494811058044433594e-02
3.371787071228027344e-02
3.115797042846679688e-02
4.371380805969238281e-02
3.042793273925781250e-02
5.420088768005371094e-02
4.693818092346191406e-02
4.375672340393066406e-02
3.652095794677734375e-02
3.672337532043457031e-02
4.627776145935058594e-02
3.657388687133789062e-02
3.559708595275878906e-02
5.413603782653808594e-02
4.647493362426757812e-02
3.500080108642578125e-02
4.795217514038085938e-02
4.536914825439453125e-02
4.292130470275878906e-02
3.683567047119140625e-02
3.400611877441406250e-02
4.418992996215820312e-02
3.550720214843750000e-02
3.517603874206542969e-02
3.104209899902343750e-02
3.383207321166992188e-02
3.070116043090820312e-02
3.811907768249511719e-02
3.347587585449218750e-02
3.225803375244140625e-02
3.280997276306152344e-02
4.073977470397949219e-02
4.195094108581542969e-02
4.521894454956054688e-02
4.494500160217285156e-02
5.033397674560546875e-02
4.215502738952636719e-02
4.521918296813964844e-02
4.106807708740234375e-02
3.406906127929687500e-02
3.860616683959960938e-02
4.040408134460449219e-02
3.571391105651855469e-02
3.278374671936035156e-02
3.718829154968261719e-02
3.645682334899902344e-02
4.315495491027832031e-02
3.103995323181152344e-02
3.751492500305175781e-02
4.579710960388183594e-02
3.265786170959472656e-02
2.920508384704589844e-02
3.879213333129882812e-02
3.300309181213378906e-02
3.109693527221679688e-02
3.501915931701660156e-02
3.204703330993652344e-02
3.164696693420410156e-02
3.826093673706054688e-02
3.044772148132324219e-02
3.193020820617675781e-02
3.969097137451171875e-02
3.126597404479980469e-02
3.363466262817382812e-02
3.518676757812500000e-02
3.621387481689453125e-02
3.455209732055664062e-02
3.768277168273925781e-02
3.722500801086425781e-02
3.957223892211914062e-02
4.548287391662597656e-02
3.890705108642578125e-02
4.278802871704101562e-02
3.467082977294921875e-02
3.188228607177734375e-02
3.735899925231933594e-02
3.793096542358398438e-02
3.756976127624511719e-02
3.849887847900390625e-02
4.881286621093750000e-02
4.638576507568359375e-02
3.516316413879394531e-02
3.515601158142089844e-02
3.871011734008789062e-02
3.417801856994628906e-02
3.565716743469238281e-02
3.908610343933105469e-02
3.338694572448730469e-02
3.068304061889648438e-02
4.066205024719238281e-02
4.083776473999023438e-02
3.303217887878417969e-02
3.321599960327148438e-02
3.532719612121582031e-02
3.405904769897460938e-02
3.694009780883789062e-02
4.077982902526855469e-02
3.385400772094726562e-02
3.612470626831054688e-02
3.928303718566894531e-02
4.227614402770996094e-02
3.947496414184570312e-02
4.667592048645019531e-02
3.423213958740234375e-02
3.713202476501464844e-02
3.764510154724121094e-02
3.487920761108398438e-02
3.558492660522460938e-02
4.228687286376953125e-02
3.318881988525390625e-02
3.117823600769042969e-02
3.846883773803710938e-02
2.868294715881347656e-02
3.409910202026367188e-02
4.042792320251464844e-02
3.406119346618652344e-02
3.975391387939453125e-02
3.783702850341796875e-02
3.553915023803710938e-02
3.651976585388183594e-02
3.691482543945312500e-02
3.407478332519531250e-02
3.432893753051757812e-02
3.235387802124023438e-02
3.824496269226074219e-02
4.140114784240722656e-02
4.466199874877929688e-02
3.527021408081054688e-02
3.962206840515136719e-02
3.844809532165527344e-02
3.729414939880371094e-02
3.598809242248535156e-02
3.454804420471191406e-02
4.326891899108886719e-02
4.006314277648925781e-02
3.659796714782714844e-02
4.282498359680175781e-02
3.755283355712890625e-02
4.186320304870605469e-02
3.591513633728027344e-02
3.549909591674804688e-02
3.858399391174316406e-02
3.452396392822265625e-02
3.605985641479492188e-02
4.091811180114746094e-02
3.074979782104492188e-02
3.717613220214843750e-02
3.770303726196289062e-02
3.541779518127441406e-02
3.764104843139648438e-02
3.835511207580566406e-02
3.376007080078125000e-02
3.574490547180175781e-02
3.890991210937500000e-02
3.094887733459472656e-02
3.167390823364257812e-02
3.890800476074218750e-02
3.585600852966308594e-02
4.204821586608886719e-02
3.626513481140136719e-02
3.577780723571777344e-02
3.813385963439941406e-02
3.302502632141113281e-02
3.601384162902832031e-02
4.289412498474121094e-02
4.014396667480468750e-02
3.794884681701660156e-02
3.478193283081054688e-02
4.227590560913085938e-02
3.661012649536132812e-02
3.405499458312988281e-02
3.216910362243652344e-02
3.555583953857421875e-02
3.113603591918945312e-02
4.460597038269042969e-02
4.861497879028320312e-02
3.898906707763671875e-02
3.800559043884277344e-02
3.878092765808105469e-02
3.716421127319335938e-02
3.688216209411621094e-02
3.611588478088378906e-02
4.123806953430175781e-02
4.496908187866210938e-02
4.075002670288085938e-02
4.453969001770019531e-02
3.386306762695312500e-02
3.458309173583984375e-02
4.080414772033691406e-02
5.092668533325195312e-02
4.908180236816406250e-02
4.158997535705566406e-02
3.657889366149902344e-02
4.989600181579589844e-02
3.886818885803222656e-02
3.755497932434082031e-02
3.491020202636718750e-02
3.897213935852050781e-02
4.411911964416503906e-02
3.828477859497070312e-02
3.469109535217285156e-02
3.707408905029296875e-02
4.194021224975585938e-02
4.724192619323730469e-02
8.016705513000488281e-02
4.433107376098632812e-02
4.178786277770996094e-02
4.284882545471191406e-02
3.532719612121582031e-02
3.726911544799804688e-02
3.813982009887695312e-02
3.080701828002929688e-02
3.652811050415039062e-02
3.774118423461914062e-02
3.433680534362792969e-02
3.466796875000000000e-02
3.625202178955078125e-02
3.381896018981933594e-02
3.830695152282714844e-02
3.996801376342773438e-02
3.717494010925292969e-02
3.873109817504882812e-02
3.666186332702636719e-02
3.872990608215332031e-02
6.770110130310058594e-02
3.667092323303222656e-02
3.961181640625000000e-02
3.566408157348632812e-02
3.926014900207519531e-02
3.662395477294921875e-02
3.766202926635742188e-02
3.559279441833496094e-02
3.566813468933105469e-02
3.181195259094238281e-02
3.570008277893066406e-02
3.286194801330566406e-02
3.527188301086425781e-02
3.957414627075195312e-02
4.324293136596679688e-02
4.755210876464843750e-02
3.177809715270996094e-02
3.453993797302246094e-02
3.521609306335449219e-02
3.430795669555664062e-02
3.548288345336914062e-02
3.833913803100585938e-02
3.622508049011230469e-02
3.337717056274414062e-02
3.987574577331542969e-02
3.281784057617187500e-02
4.056811332702636719e-02
3.935599327087402344e-02
3.602099418640136719e-02
4.302310943603515625e-02
3.297805786132812500e-02
3.751873970031738281e-02
3.563499450683593750e-02
4.241108894348144531e-02
3.785800933837890625e-02
3.518009185791015625e-02
3.827095031738281250e-02
4.584717750549316406e-02
4.399061203002929688e-02
4.330086708068847656e-02
3.720283508300781250e-02
3.991389274597167969e-02
4.024004936218261719e-02
4.384517669677734375e-02
4.206991195678710938e-02
3.631901741027832031e-02
3.912305831909179688e-02
3.662610054016113281e-02
4.191517829895019531e-02
3.943896293640136719e-02
4.058480262756347656e-02
3.818273544311523438e-02
3.935217857360839844e-02
4.301214218139648438e-02
3.696990013122558594e-02
3.994178771972656250e-02
3.302121162414550781e-02
4.116892814636230469e-02
4.576897621154785156e-02
4.568505287170410156e-02
4.101204872131347656e-02
3.999495506286621094e-02
5.477190017700195312e-02
4.216074943542480469e-02
4.322600364685058594e-02
4.523682594299316406e-02
4.095888137817382812e-02
4.274392127990722656e-02
3.507518768310546875e-02
4.093790054321289062e-02
5.511999130249023438e-02
4.363608360290527344e-02
3.912520408630371094e-02
3.993701934814453125e-02
3.939199447631835938e-02
3.813195228576660156e-02
3.798604011535644531e-02
3.994107246398925781e-02
3.166794776916503906e-02
3.953981399536132812e-02
4.194831848144531250e-02
5.213594436645507812e-02
4.395508766174316406e-02
3.587198257446289062e-02
3.806686401367187500e-02
4.033589363098144531e-02
3.765296936035156250e-02
3.516197204589843750e-02
3.954291343688964844e-02
3.197598457336425781e-02
3.715085983276367188e-02
3.479194641113281250e-02
3.676676750183105469e-02
3.713011741638183594e-02
4.693579673767089844e-02
4.449176788330078125e-02
4.760313034057617188e-02
3.937005996704101562e-02
3.791427612304687500e-02
3.704214096069335938e-02
3.713989257812500000e-02
3.869700431823730469e-02
3.504729270935058594e-02
3.943800926208496094e-02
4.190015792846679688e-02
3.881788253784179688e-02
3.948211669921875000e-02
3.651094436645507812e-02
3.715682029724121094e-02
3.820586204528808594e-02
3.706789016723632812e-02
4.081487655639648438e-02
3.647470474243164062e-02
3.860521316528320312e-02
4.288983345031738281e-02
4.111409187316894531e-02
3.516626358032226562e-02
4.335379600524902344e-02
4.323291778564453125e-02
3.484296798706054688e-02
3.741168975830078125e-02
3.284716606140136719e-02
4.833102226257324219e-02
3.194713592529296875e-02
4.198479652404785156e-02
3.832697868347167969e-02
3.775572776794433594e-02
3.653883934020996094e-02
3.978896141052246094e-02
4.194188117980957031e-02
3.803706169128417969e-02
3.624606132507324219e-02
3.723478317260742188e-02
3.756380081176757812e-02
3.692102432250976562e-02
3.759717941284179688e-02
3.280997276306152344e-02
3.906416893005371094e-02
3.487682342529296875e-02
3.614807128906250000e-02
3.981375694274902344e-02
4.700803756713867188e-02
3.874683380126953125e-02
3.596973419189453125e-02
4.816412925720214844e-02
4.514718055725097656e-02
4.094886779785156250e-02
3.875589370727539062e-02
5.396580696105957031e-02
7.845807075500488281e-02
4.384899139404296875e-02
5.663204193115234375e-02
4.738283157348632812e-02
4.154801368713378906e-02
5.723285675048828125e-02
5.110502243041992188e-02
5.478572845458984375e-02
4.327893257141113281e-02
4.673480987548828125e-02
4.525089263916015625e-02
4.357814788818359375e-02
5.196905136108398438e-02
5.058979988098144531e-02
4.877185821533203125e-02
4.248714447021484375e-02
4.140019416809082031e-02
4.088401794433593750e-02
4.384207725524902344e-02
6.088972091674804688e-02
3.892564773559570312e-02
4.277110099792480469e-02
4.105496406555175781e-02
5.862021446228027344e-02
4.775500297546386719e-02
4.769992828369140625e-02
5.392694473266601562e-02
4.818606376647949219e-02
3.493499755859375000e-02
3.892111778259277344e-02
4.799008369445800781e-02
3.924202919006347656e-02
4.549598693847656250e-02
3.485393524169921875e-02
4.244875907897949219e-02
5.966210365295410156e-02
4.283094406127929688e-02
4.711389541625976562e-02
4.414010047912597656e-02
3.821015357971191406e-02
3.568911552429199219e-02
3.684997558593750000e-02
4.698419570922851562e-02
4.094314575195312500e-02
4.156398773193359375e-02
4.382300376892089844e-02
7.738399505615234375e-02
5.459094047546386719e-02
4.437208175659179688e-02
4.377794265747070312e-02
6.411910057067871094e-02
3.951907157897949219e-02
4.523921012878417969e-02
4.752111434936523438e-02
4.672312736511230469e-02
3.645610809326171875e-02
3.760313987731933594e-02
5.051875114440917969e-02
4.588580131530761719e-02
5.586886405944824219e-02
4.998779296875000000e-02
4.152297973632812500e-02
4.004025459289550781e-02
3.731703758239746094e-02
3.616595268249511719e-02
4.577779769897460938e-02
4.050183296203613281e-02
5.759835243225097656e-02
7.520699501037597656e-02
6.816101074218750000e-02
5.131602287292480469e-02
3.918790817260742188e-02
3.327989578247070312e-02
4.638695716857910156e-02
3.624916076660156250e-02
4.155492782592773438e-02
3.637623786926269531e-02
3.446292877197265625e-02
4.205894470214843750e-02
3.409600257873535156e-02
4.310297966003417969e-02
4.875516891479492188e-02
3.590512275695800781e-02
4.205918312072753906e-02
3.486609458923339844e-02
3.939270973205566406e-02
3.863096237182617188e-02
3.640913963317871094e-02
3.562498092651367188e-02
3.921198844909667969e-02
4.170632362365722656e-02
4.381895065307617188e-02
5.303120613098144531e-02
4.581665992736816406e-02
4.569792747497558594e-02
4.481101036071777344e-02
4.546713829040527344e-02
4.540300369262695312e-02
3.721094131469726562e-02
3.933215141296386719e-02
3.872489929199218750e-02
4.934787750244140625e-02
4.556369781494140625e-02
5.156874656677246094e-02
6.720304489135742188e-02
5.215406417846679688e-02
4.616093635559082031e-02
4.014897346496582031e-02
4.424691200256347656e-02
3.868007659912109375e-02
3.493404388427734375e-02
4.272603988647460938e-02
4.094123840332031250e-02
4.638123512268066406e-02
5.135178565979003906e-02
5.556201934814453125e-02
5.817389488220214844e-02
5.262303352355957031e-02
5.183100700378417969e-02
3.412103652954101562e-02
4.305577278137207031e-02
3.934574127197265625e-02
3.528499603271484375e-02
4.190683364868164062e-02
4.060387611389160156e-02
4.388284683227539062e-02
3.911709785461425781e-02
4.266381263732910156e-02
3.644490242004394531e-02
4.453682899475097656e-02
5.567002296447753906e-02
4.730081558227539062e-02
4.999589920043945312e-02
4.275584220886230469e-02
4.907894134521484375e-02
4.077196121215820312e-02
3.597211837768554688e-02
4.429221153259277344e-02
3.841185569763183594e-02
4.194402694702148438e-02
3.393697738647460938e-02
4.091715812683105469e-02
4.028391838073730469e-02
3.907418251037597656e-02
3.965115547180175781e-02
4.041504859924316406e-02
3.972697257995605469e-02
4.341411590576171875e-02
4.017877578735351562e-02
5.163812637329101562e-02
3.542828559875488281e-02
4.424285888671875000e-02
5.882215499877929688e-02
5.105495452880859375e-02
4.707098007202148438e-02
4.426598548889160156e-02
4.530096054077148438e-02
3.846096992492675781e-02
4.012203216552734375e-02
4.059004783630371094e-02
3.603577613830566406e-02
4.146623611450195312e-02
3.705692291259765625e-02
4.348492622375488281e-02
3.994703292846679688e-02
3.942012786865234375e-02
4.148888587951660156e-02
3.793525695800781250e-02
4.183983802795410156e-02
4.152703285217285156e-02
4.231715202331542969e-02
4.122400283813476562e-02
3.699398040771484375e-02
3.828597068786621094e-02
4.418110847473144531e-02
3.995227813720703125e-02
4.423284530639648438e-02
4.070377349853515625e-02
4.409503936767578125e-02
4.147386550903320312e-02
3.930807113647460938e-02
4.045414924621582031e-02
3.882431983947753906e-02
6.391286849975585938e-02
4.782605171203613281e-02
3.921604156494140625e-02
4.597091674804687500e-02
4.544782638549804688e-02
5.591583251953125000e-02
6.442809104919433594e-02
4.287219047546386719e-02
4.097914695739746094e-02
4.206991195678710938e-02
4.186296463012695312e-02
5.791997909545898438e-02
5.102324485778808594e-02
4.801392555236816406e-02
4.788613319396972656e-02
4.247975349426269531e-02
4.470610618591308594e-02
9.931111335754394531e-02
4.323410987854003906e-02
4.196000099182128906e-02
4.340815544128417969e-02
4.422116279602050781e-02
4.318904876708984375e-02
3.688502311706542969e-02
4.790210723876953125e-02
4.586911201477050781e-02
3.784203529357910156e-02
4.327201843261718750e-02
4.059505462646484375e-02
3.753018379211425781e-02
4.597187042236328125e-02
4.516601562500000000e-02
4.500722885131835938e-02
3.564429283142089844e-02
4.333090782165527344e-02
3.690409660339355469e-02
6.809020042419433594e-02
4.656195640563964844e-02
6.404399871826171875e-02
3.431200981140136719e-02
5.634617805480957031e-02
4.145312309265136719e-02
4.176902770996093750e-02
4.403972625732421875e-02
3.722119331359863281e-02
4.115104675292968750e-02
3.855204582214355469e-02
4.301714897155761719e-02
3.829407691955566406e-02
4.664492607116699219e-02
3.286194801330566406e-02
4.507899284362792969e-02
5.996060371398925781e-02
4.761600494384765625e-02
5.563211441040039062e-02
3.853702545166015625e-02
4.179811477661132812e-02
3.569507598876953125e-02
3.811979293823242188e-02
4.310703277587890625e-02
3.945517539978027344e-02
3.814291954040527344e-02
3.854489326477050781e-02
4.103398323059082031e-02
4.999303817749023438e-02
4.259896278381347656e-02
4.367089271545410156e-02
3.862714767456054688e-02
4.118108749389648438e-02
3.666281700134277344e-02
3.794717788696289062e-02
4.347395896911621094e-02
3.806376457214355469e-02
3.639101982116699219e-02
4.125785827636718750e-02
4.241371154785156250e-02
4.608297348022460938e-02
4.545211791992187500e-02
4.131412506103515625e-02
3.814601898193359375e-02
3.342676162719726562e-02
3.537297248840332031e-02
3.760910034179687500e-02
4.271006584167480469e-02
4.476189613342285156e-02
4.074025154113769531e-02
4.019713401794433594e-02
3.737092018127441406e-02
4.213881492614746094e-02
3.925395011901855469e-02
4.419088363647460938e-02
5.218172073364257812e-02
5.752491950988769531e-02
4.513907432556152344e-02
3.549599647521972656e-02
4.033923149108886719e-02
4.183816909790039062e-02
4.043483734130859375e-02
4.128575325012207031e-02
3.500723838806152344e-02
4.163980484008789062e-02
4.036211967468261719e-02
3.312706947326660156e-02
3.984904289245605469e-02
4.180502891540527344e-02
4.571390151977539062e-02
5.053877830505371094e-02
4.428195953369140625e-02
4.516100883483886719e-02
4.182386398315429688e-02
5.000615119934082031e-02
5.178284645080566406e-02
4.852485656738281250e-02
4.629588127136230469e-02
5.499315261840820312e-02
7.112622261047363281e-02
7.250809669494628906e-02
4.637789726257324219e-02
4.563188552856445312e-02
3.964495658874511719e-02
4.884505271911621094e-02
5.511116981506347656e-02
5.002593994140625000e-02
5.276393890380859375e-02
4.593706130981445312e-02
4.695415496826171875e-02
3.994083404541015625e-02
4.092001914978027344e-02
4.095721244812011719e-02
3.727984428405761719e-02
4.359602928161621094e-02
4.641675949096679688e-02
5.066490173339843750e-02
3.828501701354980469e-02
4.299402236938476562e-02
4.938006401062011719e-02
3.812003135681152344e-02
4.253697395324707031e-02
4.208779335021972656e-02
3.992700576782226562e-02
4.015469551086425781e-02
3.818392753601074219e-02
4.638123512268066406e-02
4.220199584960937500e-02
3.900408744812011719e-02
3.728771209716796875e-02
3.981208801269531250e-02
4.399895668029785156e-02
4.144787788391113281e-02
4.398488998413085938e-02
4.176473617553710938e-02
3.762507438659667969e-02
4.366183280944824219e-02
3.933477401733398438e-02
4.291582107543945312e-02
3.993606567382812500e-02
3.820013999938964844e-02
4.011797904968261719e-02
5.009937286376953125e-02
4.822182655334472656e-02
3.881382942199707031e-02
4.088187217712402344e-02
3.984498977661132812e-02
3.975915908813476562e-02
4.047679901123046875e-02
3.755211830139160156e-02
4.738402366638183594e-02
3.663682937622070312e-02
4.578995704650878906e-02
3.411793708801269531e-02
3.610587120056152344e-02
5.353689193725585938e-02
4.736876487731933594e-02
4.654192924499511719e-02
3.643226623535156250e-02
3.774309158325195312e-02
3.994011878967285156e-02
3.422498703002929688e-02
3.963708877563476562e-02
3.848195075988769531e-02
4.177284240722656250e-02
4.668879508972167969e-02
4.455614089965820312e-02
4.561114311218261719e-02
4.338407516479492188e-02
5.134892463684082031e-02
3.776001930236816406e-02
4.512214660644531250e-02
4.167103767395019531e-02
3.872203826904296875e-02
4.906392097473144531e-02
4.178094863891601562e-02
4.400300979614257812e-02
3.560400009155273438e-02
3.950905799865722656e-02
3.916096687316894531e-02
4.000711441040039062e-02
4.947519302368164062e-02
5.815386772155761719e-02
4.270696640014648438e-02
3.858709335327148438e-02
3.565907478332519531e-02
4.486393928527832031e-02
4.385590553283691406e-02
3.821277618408203125e-02
3.612017631530761719e-02
4.612493515014648438e-02
4.239320755004882812e-02
3.744292259216308594e-02
4.740905761718750000e-02
3.868103027343750000e-02
4.339599609375000000e-02
4.003214836120605469e-02
3.835487365722656250e-02
4.507327079772949219e-02
4.755020141601562500e-02
4.716229438781738281e-02
8.962702751159667969e-02
3.851199150085449219e-02
4.087090492248535156e-02
5.095601081848144531e-02
4.191994667053222656e-02
3.912210464477539062e-02
3.745722770690917969e-02
4.870390892028808594e-02
4.672694206237792969e-02
3.490686416625976562e-02
5.095815658569335938e-02
4.255485534667968750e-02
3.906774520874023438e-02
4.383182525634765625e-02
4.172587394714355469e-02
4.590630531311035156e-02
4.081296920776367188e-02
5.697989463806152344e-02
4.820919036865234375e-02
5.081224441528320312e-02
4.258513450622558594e-02
4.491209983825683594e-02
4.480886459350585938e-02
5.800104141235351562e-02
4.215216636657714844e-02
3.703188896179199219e-02
4.457902908325195312e-02
3.649473190307617188e-02
3.916096687316894531e-02
4.347181320190429688e-02
5.414199829101562500e-02
3.475809097290039062e-02
4.130721092224121094e-02
3.955769538879394531e-02
4.056596755981445312e-02
5.761408805847167969e-02
4.180502891540527344e-02
5.957698822021484375e-02
4.036808013916015625e-02
4.092979431152343750e-02
3.671216964721679688e-02
3.333806991577148438e-02
6.175279617309570312e-02
4.877972602844238281e-02
3.878712654113769531e-02
3.546404838562011719e-02
4.810523986816406250e-02
4.347395896911621094e-02
5.295109748840332031e-02
4.507803916931152344e-02
4.617595672607421875e-02
4.478025436401367188e-02
3.946280479431152344e-02
4.330611228942871094e-02
5.173015594482421875e-02
4.096794128417968750e-02
3.877496719360351562e-02
4.543995857238769531e-02
3.439521789550781250e-02
4.060125350952148438e-02
4.161310195922851562e-02
3.852391242980957031e-02
4.041719436645507812e-02
3.724098205566406250e-02
3.728914260864257812e-02
3.960776329040527344e-02
4.132390022277832031e-02
4.343605041503906250e-02
4.735493659973144531e-02
4.745507240295410156e-02
3.519892692565917969e-02
5.204296112060546875e-02
4.146885871887207031e-02
4.054903984069824219e-02
4.207730293273925781e-02
4.277491569519042969e-02
3.488397598266601562e-02
3.944182395935058594e-02
4.366898536682128906e-02
4.004120826721191406e-02
4.287004470825195312e-02
3.493213653564453125e-02
4.364895820617675781e-02
3.709125518798828125e-02
4.855585098266601562e-02
4.430007934570312500e-02
3.505825996398925781e-02
8.352828025817871094e-02
6.350898742675781250e-02
4.730701446533203125e-02
7.454919815063476562e-02
5.983829498291015625e-02
4.716801643371582031e-02
3.899788856506347656e-02
4.378700256347656250e-02
7.300806045532226562e-02
5.128884315490722656e-02
8.121514320373535156e-02
4.685282707214355469e-02
5.440473556518554688e-02
4.176115989685058594e-02
5.517506599426269531e-02
4.510307312011718750e-02
5.205512046813964844e-02
5.828714370727539062e-02
5.623912811279296875e-02
4.425501823425292969e-02
4.577398300170898438e-02
6.628990173339843750e-02
4.345488548278808594e-02
5.129098892211914062e-02
4.924416542053222656e-02
6.758499145507812500e-02
7.669115066528320312e-02
9.194707870483398438e-02
4.796195030212402344e-02
3.743290901184082031e-02
4.645609855651855469e-02
4.762887954711914062e-02
4.921174049377441406e-02
5.532288551330566406e-02
6.237077713012695312e-02
8.450818061828613281e-02
6.119918823242187500e-02
6.351184844970703125e-02
4.266691207885742188e-02
4.385375976562500000e-02
8.355975151062011719e-02
6.341409683227539062e-02
1.443283557891845703e-01
5.787277221679687500e-02
4.949402809143066406e-02
8.676314353942871094e-02
5.575299263000488281e-02
4.721570014953613281e-02
6.097006797790527344e-02
7.018804550170898438e-02
1.010408401489257812e-01
