1.010584831237792969e-02
7.436990737915039062e-03
6.384849548339843750e-03
8.071899414062500000e-03
9.602069854736328125e-03
7.203102111816406250e-03
6.856203079223632812e-03
8.149147033691406250e-03
7.956027984619140625e-03
7.958889007568359375e-03
7.926702499389648438e-03
9.307861328125000000e-03
7.245779037475585938e-03
7.972002029418945312e-03
9.703874588012695312e-03
7.857799530029296875e-03
7.502079010009765625e-03
9.380817413330078125e-03
8.269786834716796875e-03
9.384155273437500000e-03
7.787227630615234375e-03
8.382320404052734375e-03
8.049011230468750000e-03
7.013082504272460938e-03
8.310079574584960938e-03
7.929086685180664062e-03
8.726119995117187500e-03
7.557868957519531250e-03
8.804082870483398438e-03
7.626056671142578125e-03
7.458209991455078125e-03
7.524013519287109375e-03
7.556915283203125000e-03
7.809877395629882812e-03
8.210897445678710938e-03
8.237123489379882812e-03
7.977008819580078125e-03
8.296966552734375000e-03
8.259057998657226562e-03
8.261919021606445312e-03
7.667779922485351562e-03
7.567882537841796875e-03
8.016824722290039062e-03
7.250308990478515625e-03
7.603883743286132812e-03
7.656812667846679688e-03
8.267164230346679688e-03
7.388114929199218750e-03
9.189128875732421875e-03
7.255077362060546875e-03
9.840965270996093750e-03
7.305860519409179688e-03
9.147882461547851562e-03
8.306980133056640625e-03
8.944988250732421875e-03
8.172988891601562500e-03
7.974863052368164062e-03
7.840394973754882812e-03
7.537126541137695312e-03
7.512092590332031250e-03
7.730960845947265625e-03
8.156061172485351562e-03
7.714033126831054688e-03
9.311914443969726562e-03
8.037328720092773438e-03
7.231950759887695312e-03
7.863044738769531250e-03
7.816076278686523438e-03
8.635997772216796875e-03
7.907867431640625000e-03
8.740663528442382812e-03
7.990121841430664062e-03
8.051156997680664062e-03
7.931947708129882812e-03
7.486820220947265625e-03
8.439779281616210938e-03
7.715940475463867188e-03
8.219003677368164062e-03
7.931232452392578125e-03
7.360935211181640625e-03
7.811069488525390625e-03
8.001089096069335938e-03
7.792949676513671875e-03
7.607221603393554688e-03
7.977008819580078125e-03
7.803916931152343750e-03
8.889198303222656250e-03
7.992029190063476562e-03
7.571220397949218750e-03
8.141040802001953125e-03
8.242130279541015625e-03
8.368730545043945312e-03
8.236646652221679688e-03
7.447957992553710938e-03
9.211063385009765625e-03
7.916927337646484375e-03
7.457017898559570312e-03
8.676052093505859375e-03
9.366750717163085938e-03
1.064705848693847656e-02
1.595497131347656250e-02
1.283097267150878906e-02
1.066207885742187500e-02
8.293151855468750000e-03
1.011991500854492188e-02
8.238077163696289062e-03
8.558034896850585938e-03
7.675170898437500000e-03
8.507013320922851562e-03
7.697820663452148438e-03
8.381843566894531250e-03
7.507085800170898438e-03
7.108211517333984375e-03
9.285211563110351562e-03
7.578134536743164062e-03
6.656885147094726562e-03
7.418870925903320312e-03
8.274078369140625000e-03
8.051872253417968750e-03
7.174015045166015625e-03
9.472131729125976562e-03
9.669780731201171875e-03
9.410619735717773438e-03
7.521867752075195312e-03
8.101940155029296875e-03
8.629083633422851562e-03
8.356094360351562500e-03
9.732007980346679688e-03
8.955001831054687500e-03
1.019191741943359375e-02
7.458925247192382812e-03
8.172988891601562500e-03
7.642269134521484375e-03
7.390260696411132812e-03
9.749889373779296875e-03
8.302927017211914062e-03
8.139133453369140625e-03
8.159875869750976562e-03
8.467197418212890625e-03
7.699012756347656250e-03
7.911920547485351562e-03
8.187055587768554688e-03
8.925914764404296875e-03
7.997751235961914062e-03
9.175777435302734375e-03
8.141040802001953125e-03
8.257150650024414062e-03
7.890939712524414062e-03
7.663011550903320312e-03
8.281946182250976562e-03
8.205890655517578125e-03
9.410142898559570312e-03
8.533239364624023438e-03
8.828878402709960938e-03
8.182048797607421875e-03
8.409976959228515625e-03
8.885860443115234375e-03
7.064819335937500000e-03
7.804870605468750000e-03
7.744073867797851562e-03
8.033990859985351562e-03
8.060932159423828125e-03
7.899045944213867188e-03
7.978916168212890625e-03
8.903980255126953125e-03
7.734775543212890625e-03
8.402109146118164062e-03
8.008956909179687500e-03
7.462978363037109375e-03
8.525133132934570312e-03
9.149789810180664062e-03
6.978988647460937500e-03
9.119033813476562500e-03
7.986068725585937500e-03
8.368015289306640625e-03
8.829832077026367188e-03
8.584976196289062500e-03
8.342981338500976562e-03
7.718086242675781250e-03
8.284807205200195312e-03
7.718324661254882812e-03
9.562969207763671875e-03
1.043677330017089844e-02
7.275819778442382812e-03
7.797002792358398438e-03
8.301973342895507812e-03
8.029937744140625000e-03
7.961988449096679688e-03
7.897853851318359375e-03
8.482933044433593750e-03
8.451938629150390625e-03
7.500648498535156250e-03
7.766962051391601562e-03
7.601976394653320312e-03
8.142948150634765625e-03
7.616043090820312500e-03
8.243083953857421875e-03
7.840156555175781250e-03
7.453918457031250000e-03
6.498098373413085938e-03
8.391857147216796875e-03
7.172107696533203125e-03
1.093602180480957031e-02
9.371280670166015625e-03
7.820129394531250000e-03
8.120059967041015625e-03
8.205175399780273438e-03
7.586002349853515625e-03
7.421255111694335938e-03
8.186101913452148438e-03
8.031129837036132812e-03
9.095191955566406250e-03
8.202075958251953125e-03
8.434057235717773438e-03
9.276151657104492188e-03
8.439779281616210938e-03
8.930683135986328125e-03
9.071111679077148438e-03
8.378982543945312500e-03
8.919954299926757812e-03
9.605169296264648438e-03
8.702039718627929688e-03
8.785247802734375000e-03
8.229255676269531250e-03
8.502960205078125000e-03
8.044004440307617188e-03
9.426116943359375000e-03
8.945226669311523438e-03
9.128332138061523438e-03
9.320020675659179688e-03
1.389122009277343750e-02
1.768612861633300781e-02
1.203680038452148438e-02
1.098513603210449219e-02
9.489774703979492188e-03
1.012110710144042969e-02
1.026391983032226562e-02
8.517026901245117188e-03
7.934331893920898438e-03
1.060914993286132812e-02
9.659767150878906250e-03
1.202702522277832031e-02
8.209228515625000000e-03
8.067131042480468750e-03
1.065707206726074219e-02
9.311914443969726562e-03
1.016306877136230469e-02
9.747028350830078125e-03
9.465217590332031250e-03
8.525609970092773438e-03
8.198022842407226562e-03
8.348941802978515625e-03
8.064985275268554688e-03
8.109092712402343750e-03
8.207321166992187500e-03
9.275197982788085938e-03
8.971929550170898438e-03
8.340120315551757812e-03
7.877111434936523438e-03
8.085727691650390625e-03
8.237123489379882812e-03
7.436752319335937500e-03
2.343392372131347656e-02
9.163856506347656250e-03
8.596897125244140625e-03
1.192116737365722656e-02
8.756875991821289062e-03
8.603811264038085938e-03
2.278184890747070312e-02
1.144170761108398438e-02
9.581089019775390625e-03
9.193897247314453125e-03
1.165008544921875000e-02
1.098513603210449219e-02
8.600950241088867188e-03
8.637905120849609375e-03
7.854938507080078125e-03
7.508993148803710938e-03
7.822751998901367188e-03
1.453185081481933594e-02
7.345199584960937500e-03
7.871866226196289062e-03
7.276058197021484375e-03
8.201837539672851562e-03
1.027107238769531250e-02
7.599115371704101562e-03
9.744167327880859375e-03
1.175498962402343750e-02
1.102900505065917969e-02
9.891986846923828125e-03
1.004576683044433594e-02
9.172916412353515625e-03
9.905815124511718750e-03
8.106946945190429688e-03
1.219320297241210938e-02
8.293867111206054688e-03
9.679317474365234375e-03
9.310007095336914062e-03
8.369922637939453125e-03
1.012921333312988281e-02
9.307146072387695312e-03
1.305508613586425781e-02
1.033687591552734375e-02
1.103115081787109375e-02
1.990175247192382812e-02
8.105039596557617188e-03
1.026296615600585938e-02
7.726907730102539062e-03
1.031494140625000000e-02
9.459972381591796875e-03
9.875774383544921875e-03
9.404897689819335938e-03
2.123808860778808594e-02
7.703065872192382812e-03
8.939027786254882812e-03
8.365154266357421875e-03
1.064300537109375000e-02
8.208036422729492188e-03
8.214235305786132812e-03
9.636878967285156250e-03
9.834051132202148438e-03
1.315498352050781250e-02
1.763415336608886719e-02
1.083421707153320312e-02
8.841037750244140625e-03
8.609056472778320312e-03
8.158922195434570312e-03
7.658004760742187500e-03
8.255004882812500000e-03
9.426832199096679688e-03
9.506702423095703125e-03
1.018309593200683594e-02
1.922821998596191406e-02
8.672952651977539062e-03
7.730960845947265625e-03
7.908105850219726562e-03
1.171302795410156250e-02
1.059389114379882812e-02
9.528160095214843750e-03
8.100032806396484375e-03
1.971626281738281250e-02
3.702592849731445312e-02
2.218198776245117188e-02
9.507179260253906250e-03
2.326822280883789062e-02
1.023101806640625000e-02
7.990837097167968750e-03
8.267879486083984375e-03
7.880926132202148438e-03
7.586002349853515625e-03
9.818792343139648438e-03
1.219630241394042969e-02
1.368594169616699219e-02
1.127505302429199219e-02
8.609056472778320312e-03
8.046865463256835938e-03
9.438037872314453125e-03
9.231805801391601562e-03
1.062011718750000000e-02
9.063959121704101562e-03
1.151371002197265625e-02
9.756088256835937500e-03
9.196996688842773438e-03
1.074695587158203125e-02
8.594989776611328125e-03
9.283065795898437500e-03
1.038193702697753906e-02
1.075291633605957031e-02
1.237773895263671875e-02
8.184909820556640625e-03
9.029865264892578125e-03
8.808135986328125000e-03
8.515834808349609375e-03
7.763862609863281250e-03
8.477210998535156250e-03
8.264064788818359375e-03
1.205825805664062500e-02
1.033401489257812500e-02
8.241891860961914062e-03
9.463071823120117188e-03
9.062290191650390625e-03
8.537054061889648438e-03
9.095907211303710938e-03
9.321928024291992188e-03
8.859872817993164062e-03
7.955074310302734375e-03
7.936000823974609375e-03
8.306980133056640625e-03
8.219242095947265625e-03
7.604837417602539062e-03
9.310007095336914062e-03
7.047891616821289062e-03
8.193969726562500000e-03
7.910013198852539062e-03
8.335828781127929688e-03
7.458686828613281250e-03
8.968830108642578125e-03
7.782936096191406250e-03
7.994174957275390625e-03
8.715152740478515625e-03
8.188962936401367188e-03
8.426904678344726562e-03
8.259057998657226562e-03
8.392095565795898438e-03
7.612705230712890625e-03
1.356196403503417969e-02
7.803916931152343750e-03
8.092880249023437500e-03
9.042978286743164062e-03
8.297920227050781250e-03
9.598016738891601562e-03
7.995128631591796875e-03
8.749961853027343750e-03
7.600784301757812500e-03
7.789850234985351562e-03
8.244037628173828125e-03
7.631778717041015625e-03
8.113861083984375000e-03
8.595943450927734375e-03
8.023023605346679688e-03
7.844686508178710938e-03
9.661197662353515625e-03
8.269786834716796875e-03
8.074998855590820312e-03
8.280277252197265625e-03
8.445978164672851562e-03
8.847951889038085938e-03
8.097887039184570312e-03
7.796049118041992188e-03
7.987976074218750000e-03
8.176803588867187500e-03
7.631063461303710938e-03
1.047301292419433594e-02
8.790016174316406250e-03
7.699012756347656250e-03
8.647203445434570312e-03
8.016824722290039062e-03
8.452892303466796875e-03
8.188962936401367188e-03
8.379220962524414062e-03
7.408857345581054688e-03
8.630752563476562500e-03
8.240938186645507812e-03
1.148796081542968750e-02
7.566213607788085938e-03
8.135318756103515625e-03
7.297039031982421875e-03
8.381843566894531250e-03
8.016109466552734375e-03
8.188009262084960938e-03
8.326053619384765625e-03
8.249044418334960938e-03
7.771730422973632812e-03
8.076906204223632812e-03
8.705139160156250000e-03
1.254987716674804688e-02
9.758949279785156250e-03
7.983207702636718750e-03
8.313894271850585938e-03
1.063823699951171875e-02
1.072907447814941406e-02
1.184678077697753906e-02
2.473092079162597656e-02
1.211905479431152344e-02
2.547597885131835938e-02
8.967161178588867188e-03
1.027584075927734375e-02
8.934974670410156250e-03
8.661985397338867188e-03
2.045321464538574219e-02
1.006007194519042969e-02
7.591962814331054688e-03
9.496212005615234375e-03
7.875919342041015625e-03
1.022005081176757812e-02
8.312940597534179688e-03
1.119780540466308594e-02
9.210109710693359375e-03
8.275032043457031250e-03
9.433031082153320312e-03
8.208990097045898438e-03
7.955074310302734375e-03
9.558916091918945312e-03
7.934093475341796875e-03
9.594202041625976562e-03
1.155376434326171875e-02
8.345842361450195312e-03
7.730007171630859375e-03
9.237051010131835938e-03
7.963895797729492188e-03
9.838819503784179688e-03
8.453845977783203125e-03
8.047819137573242188e-03
8.363962173461914062e-03
8.154153823852539062e-03
7.995128631591796875e-03
8.624792098999023438e-03
9.510993957519531250e-03
1.123690605163574219e-02
9.075164794921875000e-03
8.236169815063476562e-03
7.807970046997070312e-03
9.021997451782226562e-03
9.002923965454101562e-03
8.423805236816406250e-03
8.871078491210937500e-03
8.126974105834960938e-03
8.533239364624023438e-03
8.312940597534179688e-03
9.041309356689453125e-03
8.572816848754882812e-03
8.067131042480468750e-03
8.466005325317382812e-03
8.631944656372070312e-03
7.732868194580078125e-03
7.889270782470703125e-03
1.121997833251953125e-02
8.181810379028320312e-03
7.223844528198242188e-03
7.936000823974609375e-03
7.739067077636718750e-03
7.691860198974609375e-03
7.921934127807617188e-03
7.624864578247070312e-03
7.700920104980468750e-03
7.495880126953125000e-03
7.534980773925781250e-03
8.993148803710937500e-03
9.229898452758789062e-03
8.603096008300781250e-03
8.917093276977539062e-03
8.362054824829101562e-03
8.013010025024414062e-03
9.466171264648437500e-03
8.180141448974609375e-03
7.623195648193359375e-03
8.294105529785156250e-03
7.858037948608398438e-03
8.196830749511718750e-03
8.137941360473632812e-03
7.962942123413085938e-03
7.782220840454101562e-03
7.755994796752929688e-03
8.150100708007812500e-03
8.307933807373046875e-03
8.546829223632812500e-03
8.378744125366210938e-03
8.398771286010742188e-03
8.545160293579101562e-03
8.162736892700195312e-03
9.909152984619140625e-03
8.291959762573242188e-03
7.725000381469726562e-03
8.367776870727539062e-03
8.360862731933593750e-03
8.494138717651367188e-03
7.349014282226562500e-03
1.034927368164062500e-02
8.805990219116210938e-03
7.543087005615234375e-03
7.675886154174804688e-03
7.451057434082031250e-03
7.786989212036132812e-03
8.354187011718750000e-03
8.161783218383789062e-03
8.009910583496093750e-03
8.363008499145507812e-03
7.818937301635742188e-03
8.130073547363281250e-03
8.224010467529296875e-03
7.808923721313476562e-03
8.334159851074218750e-03
7.706880569458007812e-03
8.313179016113281250e-03
7.909774780273437500e-03
7.597684860229492188e-03
8.258104324340820312e-03
9.238958358764648438e-03
7.412910461425781250e-03
8.036136627197265625e-03
8.446216583251953125e-03
8.079051971435546875e-03
9.288072586059570312e-03
8.257865905761718750e-03
8.835077285766601562e-03
8.656978607177734375e-03
1.062798500061035156e-02
8.489847183227539062e-03
8.633136749267578125e-03
1.073575019836425781e-02
8.651018142700195312e-03
8.773088455200195312e-03
7.480144500732421875e-03
7.615089416503906250e-03
8.251905441284179688e-03
8.387088775634765625e-03
8.049249649047851562e-03
9.344816207885742188e-03
7.279157638549804688e-03
8.459091186523437500e-03
8.029937744140625000e-03
8.906126022338867188e-03
8.165121078491210938e-03
8.542060852050781250e-03
8.985996246337890625e-03
8.722066879272460938e-03
9.338140487670898438e-03
7.730007171630859375e-03
8.877038955688476562e-03
8.550882339477539062e-03
1.046895980834960938e-02
8.466005325317382812e-03
8.934020996093750000e-03
9.639978408813476562e-03
9.443998336791992188e-03
8.273839950561523438e-03
8.466958999633789062e-03
7.635831832885742188e-03
7.865190505981445312e-03
7.853031158447265625e-03
1.076292991638183594e-02
8.195161819458007812e-03
7.627964019775390625e-03
9.059190750122070312e-03
8.898973464965820312e-03
7.899045944213867188e-03
7.641792297363281250e-03
8.303165435791015625e-03
8.588075637817382812e-03
8.881807327270507812e-03
8.300065994262695312e-03
9.598255157470703125e-03
8.769035339355468750e-03
1.005387306213378906e-02
8.748054504394531250e-03
8.570194244384765625e-03
9.262084960937500000e-03
8.186817169189453125e-03
8.491992950439453125e-03
8.160114288330078125e-03
8.589982986450195312e-03
7.591962814331054688e-03
8.105039596557617188e-03
8.275985717773437500e-03
7.931232452392578125e-03
8.263826370239257812e-03
8.239269256591796875e-03
8.272886276245117188e-03
8.302211761474609375e-03
8.358955383300781250e-03
8.223056793212890625e-03
1.390290260314941406e-02
2.351212501525878906e-02
3.169298171997070312e-02
1.025605201721191406e-02
8.156299591064453125e-03
7.721900939941406250e-03
8.647918701171875000e-03
8.671998977661132812e-03
8.084058761596679688e-03
8.234262466430664062e-03
8.607864379882812500e-03
8.138895034790039062e-03
8.034944534301757812e-03
8.218050003051757812e-03
7.619857788085937500e-03
8.409023284912109375e-03
7.389307022094726562e-03
7.566213607788085938e-03
8.212804794311523438e-03
8.491039276123046875e-03
7.982969284057617188e-03
8.547782897949218750e-03
7.606983184814453125e-03
8.199930191040039062e-03
8.358955383300781250e-03
7.557868957519531250e-03
8.213758468627929688e-03
7.783174514770507812e-03
8.200883865356445312e-03
8.174896240234375000e-03
8.680105209350585938e-03
8.111953735351562500e-03
9.713888168334960938e-03
8.927106857299804688e-03
1.021313667297363281e-02
7.915019989013671875e-03
8.064985275268554688e-03
7.871150970458984375e-03
9.886264801025390625e-03
7.987976074218750000e-03
8.588075637817382812e-03
7.282018661499023438e-03
8.457899093627929688e-03
8.404970169067382812e-03
9.692192077636718750e-03
8.706808090209960938e-03
9.227991104125976562e-03
7.737874984741210938e-03
9.934186935424804688e-03
8.752107620239257812e-03
8.845090866088867188e-03
8.097171783447265625e-03
8.764982223510742188e-03
8.792161941528320312e-03
9.953022003173828125e-03
7.909774780273437500e-03
9.012937545776367188e-03
8.342981338500976562e-03
8.734941482543945312e-03
9.198188781738281250e-03
8.130788803100585938e-03
7.953882217407226562e-03
8.355140686035156250e-03
9.324789047241210938e-03
8.981943130493164062e-03
8.577823638916015625e-03
8.457899093627929688e-03
7.335186004638671875e-03
8.491039276123046875e-03
8.642196655273437500e-03
8.060932159423828125e-03
7.709980010986328125e-03
7.317066192626953125e-03
8.900880813598632812e-03
8.310794830322265625e-03
1.012086868286132812e-02
8.239746093750000000e-03
7.798910140991210938e-03
8.671045303344726562e-03
7.426977157592773438e-03
7.827281951904296875e-03
7.398366928100585938e-03
9.187936782836914062e-03
1.171588897705078125e-02
8.843898773193359375e-03
8.792161941528320312e-03
7.712125778198242188e-03
8.218765258789062500e-03
9.747982025146484375e-03
7.658004760742187500e-03
7.967948913574218750e-03
8.075952529907226562e-03
8.896112442016601562e-03
7.495880126953125000e-03
7.390022277832031250e-03
9.621858596801757812e-03
1.317882537841796875e-02
8.757114410400390625e-03
7.914066314697265625e-03
7.626056671142578125e-03
8.190155029296875000e-03
1.023721694946289062e-02
8.308887481689453125e-03
9.038925170898437500e-03
7.820129394531250000e-03
8.983850479125976562e-03
8.360147476196289062e-03
7.660150527954101562e-03
8.240938186645507812e-03
8.906841278076171875e-03
8.634805679321289062e-03
8.276939392089843750e-03
1.049280166625976562e-02
8.115291595458984375e-03
8.335828781127929688e-03
7.862091064453125000e-03
8.577108383178710938e-03
7.946014404296875000e-03
7.965803146362304688e-03
7.837057113647460938e-03
8.797168731689453125e-03
1.034092903137207031e-02
8.026838302612304688e-03
8.125305175781250000e-03
8.337974548339843750e-03
1.124978065490722656e-02
8.599996566772460938e-03
7.754087448120117188e-03
8.666276931762695312e-03
8.974790573120117188e-03
8.886814117431640625e-03
8.013725280761718750e-03
8.346080780029296875e-03
8.407115936279296875e-03
7.939100265502929688e-03
9.163856506347656250e-03
8.404970169067382812e-03
7.455825805664062500e-03
7.789134979248046875e-03
8.842945098876953125e-03
7.585048675537109375e-03
8.602142333984375000e-03
8.207798004150390625e-03
8.127927780151367188e-03
8.229970932006835938e-03
9.050846099853515625e-03
8.002758026123046875e-03
8.194923400878906250e-03
8.367061614990234375e-03
8.118152618408203125e-03
8.149147033691406250e-03
7.883071899414062500e-03
9.471178054809570312e-03
8.176088333129882812e-03
9.195089340209960938e-03
1.008319854736328125e-02
1.117706298828125000e-02
8.424758911132812500e-03
9.281873703002929688e-03
8.465051651000976562e-03
7.926940917968750000e-03
8.666992187500000000e-03
1.031589508056640625e-02
1.535582542419433594e-02
8.516788482666015625e-03
8.252859115600585938e-03
8.393049240112304688e-03
8.007764816284179688e-03
7.923364639282226562e-03
8.923768997192382812e-03
8.435249328613281250e-03
7.730960845947265625e-03
1.088738441467285156e-02
8.370161056518554688e-03
1.086306571960449219e-02
8.164167404174804688e-03
8.591175079345703125e-03
8.638143539428710938e-03
8.929014205932617188e-03
8.648872375488281250e-03
8.481025695800781250e-03
8.306026458740234375e-03
8.914947509765625000e-03
8.577108383178710938e-03
8.824110031127929688e-03
1.155781745910644531e-02
9.102106094360351562e-03
8.433103561401367188e-03
7.666826248168945312e-03
9.042978286743164062e-03
8.316040039062500000e-03
7.841110229492187500e-03
8.284091949462890625e-03
7.691144943237304688e-03
7.505893707275390625e-03
9.947776794433593750e-03
9.551048278808593750e-03
8.024930953979492188e-03
8.862018585205078125e-03
8.274793624877929688e-03
8.121728897094726562e-03
8.497953414916992188e-03
9.027719497680664062e-03
8.803844451904296875e-03
8.497238159179687500e-03
7.917165756225585938e-03
7.869005203247070312e-03
7.844924926757812500e-03
8.291959762573242188e-03
8.347988128662109375e-03
8.213043212890625000e-03
7.725954055786132812e-03
7.750272750854492188e-03
8.345842361450195312e-03
8.211851119995117188e-03
8.187055587768554688e-03
8.496046066284179688e-03
7.735013961791992188e-03
1.025104522705078125e-02
8.141756057739257812e-03
8.588075637817382812e-03
1.567387580871582031e-02
9.455919265747070312e-03
8.275985717773437500e-03
8.440971374511718750e-03
8.415937423706054688e-03
8.218765258789062500e-03
8.043050765991210938e-03
7.667064666748046875e-03
8.929014205932617188e-03
8.202791213989257812e-03
8.284807205200195312e-03
9.063959121704101562e-03
7.828950881958007812e-03
8.758068084716796875e-03
8.337974548339843750e-03
8.675098419189453125e-03
8.711338043212890625e-03
7.811069488525390625e-03
8.553981781005859375e-03
7.858991622924804688e-03
7.388114929199218750e-03
8.669853210449218750e-03
8.135795593261718750e-03
8.193016052246093750e-03
8.894920349121093750e-03
8.898973464965820312e-03
8.285999298095703125e-03
7.668972015380859375e-03
8.793115615844726562e-03
8.902311325073242188e-03
9.479999542236328125e-03
8.899927139282226562e-03
9.330987930297851562e-03
1.826214790344238281e-02
9.202718734741210938e-03
9.671211242675781250e-03
8.357048034667968750e-03
8.254051208496093750e-03
8.712053298950195312e-03
7.982969284057617188e-03
9.149789810180664062e-03
8.390903472900390625e-03
7.797956466674804688e-03
1.031613349914550781e-02
8.939981460571289062e-03
8.744001388549804688e-03
1.886105537414550781e-02
9.164094924926757812e-03
8.752107620239257812e-03
8.522987365722656250e-03
7.973194122314453125e-03
9.339094161987304688e-03
8.354902267456054688e-03
8.276939392089843750e-03
8.714914321899414062e-03
9.600639343261718750e-03
8.508920669555664062e-03
8.513927459716796875e-03
8.885860443115234375e-03
9.004831314086914062e-03
8.808851242065429688e-03
8.276939392089843750e-03
9.438991546630859375e-03
8.778095245361328125e-03
8.015155792236328125e-03
8.609056472778320312e-03
8.377075195312500000e-03
8.383989334106445312e-03
9.773015975952148438e-03
8.856773376464843750e-03
8.474826812744140625e-03
7.627010345458984375e-03
8.537054061889648438e-03
8.354663848876953125e-03
9.724378585815429688e-03
8.056879043579101562e-03
9.788751602172851562e-03
7.777690887451171875e-03
8.313894271850585938e-03
8.720159530639648438e-03
1.035690307617187500e-02
1.003384590148925781e-02
8.463859558105468750e-03
7.694244384765625000e-03
8.527278900146484375e-03
7.682800292968750000e-03
8.585929870605468750e-03
9.539127349853515625e-03
8.106231689453125000e-03
7.038831710815429688e-03
7.603883743286132812e-03
8.147001266479492188e-03
8.095026016235351562e-03
8.459091186523437500e-03
8.148193359375000000e-03
9.337186813354492188e-03
7.572889328002929688e-03
8.915901184082031250e-03
7.621049880981445312e-03
7.951021194458007812e-03
8.211374282836914062e-03
8.158922195434570312e-03
8.308887481689453125e-03
7.940053939819335938e-03
7.722139358520507812e-03
8.294105529785156250e-03
1.008176803588867188e-02
9.539127349853515625e-03
7.537841796875000000e-03
8.238077163696289062e-03
9.001970291137695312e-03
8.148908615112304688e-03
1.211810111999511719e-02
9.978294372558593750e-03
7.717132568359375000e-03
7.513999938964843750e-03
8.668184280395507812e-03
7.510900497436523438e-03
8.507728576660156250e-03
9.988069534301757812e-03
7.687091827392578125e-03
7.378101348876953125e-03
8.342981338500976562e-03
8.026123046875000000e-03
7.940769195556640625e-03
1.000690460205078125e-02
7.668972015380859375e-03
9.637117385864257812e-03
2.299594879150390625e-02
9.664058685302734375e-03
8.773803710937500000e-03
9.175062179565429688e-03
8.759021759033203125e-03
8.436918258666992188e-03
8.043050765991210938e-03
9.222030639648437500e-03
7.816076278686523438e-03
7.522106170654296875e-03
8.433103561401367188e-03
8.211851119995117188e-03
8.138179779052734375e-03
7.896900177001953125e-03
8.120059967041015625e-03
7.300138473510742188e-03
8.047103881835937500e-03
7.661819458007812500e-03
1.021480560302734375e-02
8.346796035766601562e-03
8.239984512329101562e-03
8.578062057495117188e-03
1.277995109558105469e-02
9.783029556274414062e-03
8.401870727539062500e-03
7.590770721435546875e-03
1.110386848449707031e-02
7.747173309326171875e-03
1.482582092285156250e-02
8.911848068237304688e-03
8.225679397583007812e-03
8.795022964477539062e-03
8.569002151489257812e-03
7.529973983764648438e-03
7.583141326904296875e-03
7.649183273315429688e-03
9.664058685302734375e-03
8.485317230224609375e-03
7.986068725585937500e-03
8.094310760498046875e-03
7.579803466796875000e-03
8.712053298950195312e-03
7.839202880859375000e-03
8.142948150634765625e-03
8.038997650146484375e-03
1.023888587951660156e-02
8.515834808349609375e-03
8.647918701171875000e-03
9.083986282348632812e-03
8.110046386718750000e-03
8.946895599365234375e-03
7.918834686279296875e-03
8.697748184204101562e-03
8.083105087280273438e-03
8.240699768066406250e-03
7.887125015258789062e-03
8.332014083862304688e-03
8.584976196289062500e-03
7.993936538696289062e-03
9.498834609985351562e-03
9.511947631835937500e-03
9.227037429809570312e-03
7.770061492919921875e-03
7.683277130126953125e-03
8.130073547363281250e-03
7.806777954101562500e-03
8.200883865356445312e-03
8.081912994384765625e-03
8.435964584350585938e-03
8.324146270751953125e-03
8.276224136352539062e-03
8.279085159301757812e-03
8.569002151489257812e-03
8.544921875000000000e-03
7.512092590332031250e-03
9.505033493041992188e-03
9.438037872314453125e-03
7.938861846923828125e-03
9.272098541259765625e-03
7.950067520141601562e-03
8.620738983154296875e-03
8.277654647827148438e-03
7.936000823974609375e-03
7.668256759643554688e-03
8.042097091674804688e-03
7.619142532348632812e-03
7.557868957519531250e-03
8.536815643310546875e-03
7.665157318115234375e-03
8.163928985595703125e-03
7.992029190063476562e-03
8.408784866333007812e-03
7.946968078613281250e-03
6.787776947021484375e-03
8.810997009277343750e-03
8.395195007324218750e-03
7.643938064575195312e-03
9.061336517333984375e-03
7.379055023193359375e-03
1.120996475219726562e-02
9.643077850341796875e-03
9.733200073242187500e-03
9.094238281250000000e-03
1.014018058776855469e-02
9.375095367431640625e-03
8.324861526489257812e-03
8.656263351440429688e-03
9.027004241943359375e-03
7.498025894165039062e-03
7.313966751098632812e-03
7.086038589477539062e-03
7.894992828369140625e-03
7.942199707031250000e-03
8.400201797485351562e-03
7.789850234985351562e-03
1.085996627807617188e-02
7.989168167114257812e-03
7.661104202270507812e-03
7.736206054687500000e-03
7.997989654541015625e-03
8.304834365844726562e-03
7.733106613159179688e-03
7.110834121704101562e-03
8.849859237670898438e-03
7.359981536865234375e-03
9.077072143554687500e-03
8.899927139282226562e-03
7.763147354125976562e-03
7.448196411132812500e-03
8.008003234863281250e-03
8.652210235595703125e-03
7.047891616821289062e-03
7.686138153076171875e-03
9.103298187255859375e-03
7.616043090820312500e-03
8.705139160156250000e-03
8.051872253417968750e-03
8.333921432495117188e-03
7.990837097167968750e-03
7.309198379516601562e-03
8.977890014648437500e-03
1.308107376098632812e-02
7.980108261108398438e-03
8.916854858398437500e-03
7.192850112915039062e-03
7.575035095214843750e-03
7.369041442871093750e-03
8.019924163818359375e-03
8.215188980102539062e-03
7.920980453491210938e-03
7.149934768676757812e-03
8.269071578979492188e-03
7.484912872314453125e-03
8.239984512329101562e-03
8.548974990844726562e-03
8.606195449829101562e-03
8.363962173461914062e-03
9.499073028564453125e-03
8.728981018066406250e-03
7.967948913574218750e-03
7.544040679931640625e-03
7.592916488647460938e-03
7.580757141113281250e-03
8.355855941772460938e-03
8.031845092773437500e-03
8.810043334960937500e-03
7.539033889770507812e-03
8.515119552612304688e-03
1.107692718505859375e-02
2.153491973876953125e-02
7.632970809936523438e-03
7.637977600097656250e-03
8.956909179687500000e-03
8.521318435668945312e-03
7.302284240722656250e-03
7.235050201416015625e-03
8.009910583496093750e-03
8.519172668457031250e-03
1.005697250366210938e-02
7.929086685180664062e-03
8.641004562377929688e-03
8.482933044433593750e-03
8.699178695678710938e-03
7.910251617431640625e-03
7.699966430664062500e-03
7.422924041748046875e-03
7.795095443725585938e-03
7.611751556396484375e-03
7.535219192504882812e-03
8.835077285766601562e-03
7.658004760742187500e-03
7.621288299560546875e-03
1.174116134643554688e-02
7.354259490966796875e-03
8.526086807250976562e-03
7.638216018676757812e-03
8.129119873046875000e-03
7.610082626342773438e-03
7.653713226318359375e-03
8.683204650878906250e-03
8.281946182250976562e-03
9.052753448486328125e-03
8.984088897705078125e-03
9.258031845092773438e-03
8.677005767822265625e-03
7.653951644897460938e-03
9.299993515014648438e-03
8.334159851074218750e-03
7.647991180419921875e-03
7.988214492797851562e-03
7.525920867919921875e-03
7.646083831787109375e-03
7.575035095214843750e-03
7.513999938964843750e-03
7.570981979370117188e-03
7.807016372680664062e-03
7.910966873168945312e-03
7.646083831787109375e-03
1.661920547485351562e-02
1.007914543151855469e-02
7.879972457885742188e-03
7.562398910522460938e-03
7.723093032836914062e-03
7.827758789062500000e-03
8.351087570190429688e-03
8.000850677490234375e-03
7.518768310546875000e-03
7.886886596679687500e-03
7.983207702636718750e-03
7.289171218872070312e-03
8.009910583496093750e-03
7.825851440429687500e-03
7.388830184936523438e-03
7.540941238403320312e-03
7.519960403442382812e-03
8.213996887207031250e-03
8.740186691284179688e-03
7.268905639648437500e-03
7.051944732666015625e-03
8.144855499267578125e-03
7.369995117187500000e-03
7.700920104980468750e-03
8.119106292724609375e-03
9.216070175170898438e-03
9.865999221801757812e-03
7.333040237426757812e-03
1.562213897705078125e-02
7.883071899414062500e-03
8.399009704589843750e-03
8.842945098876953125e-03
8.084297180175781250e-03
8.914947509765625000e-03
8.148431777954101562e-03
9.798049926757812500e-03
1.072907447814941406e-02
1.164698600769042969e-02
7.471799850463867188e-03
8.167743682861328125e-03
7.697105407714843750e-03
9.301900863647460938e-03
8.103132247924804688e-03
1.093935966491699219e-02
7.291078567504882812e-03
7.519960403442382812e-03
7.392168045043945312e-03
7.349014282226562500e-03
7.412910461425781250e-03
7.590770721435546875e-03
9.760141372680664062e-03
1.429080963134765625e-02
7.764816284179687500e-03
1.006007194519042969e-02
8.746147155761718750e-03
8.127927780151367188e-03
7.185697555541992188e-03
8.123159408569335938e-03
7.446050643920898438e-03
7.787942886352539062e-03
8.172035217285156250e-03
8.301019668579101562e-03
7.559061050415039062e-03
7.833003997802734375e-03
7.694959640502929688e-03
7.908105850219726562e-03
7.374763488769531250e-03
8.481979370117187500e-03
9.298801422119140625e-03
7.411956787109375000e-03
7.975101470947265625e-03
7.769823074340820312e-03
7.533073425292968750e-03
9.222030639648437500e-03
8.880853652954101562e-03
8.774042129516601562e-03
7.268190383911132812e-03
9.444713592529296875e-03
8.760690689086914062e-03
9.721279144287109375e-03
9.038209915161132812e-03
1.104307174682617188e-02
7.543802261352539062e-03
9.122848510742187500e-03
8.980989456176757812e-03
9.078025817871093750e-03
1.042318344116210938e-02
1.465892791748046875e-02
1.241612434387207031e-02
8.991956710815429688e-03
8.316993713378906250e-03
8.244991302490234375e-03
8.126020431518554688e-03
7.838964462280273438e-03
8.576154708862304688e-03
8.091926574707031250e-03
1.007795333862304688e-02
8.340835571289062500e-03
8.810997009277343750e-03
7.378816604614257812e-03
8.870840072631835938e-03
7.431983947753906250e-03
1.007580757141113281e-02
8.234024047851562500e-03
9.173870086669921875e-03
6.584882736206054688e-03
9.863853454589843750e-03
8.187294006347656250e-03
8.574962615966796875e-03
1.735830307006835938e-02
7.983684539794921875e-03
9.119033813476562500e-03
8.735895156860351562e-03
9.188175201416015625e-03
9.328126907348632812e-03
8.224010467529296875e-03
7.729053497314453125e-03
6.480216979980468750e-03
8.745193481445312500e-03
8.741855621337890625e-03
