1.589402695905354023e+09 0.000000000000000000e+00
1.589402696023736000e+09 1.000000000000000000e+00
1.589402696059892893e+09 2.000000000000000000e+00
1.589402696107204199e+09 3.000000000000000000e+00
1.589402696151998043e+09 4.000000000000000000e+00
1.589402696193248034e+09 5.000000000000000000e+00
1.589402696232839823e+09 6.000000000000000000e+00
1.589402696277516127e+09 7.000000000000000000e+00
1.589402696320928097e+09 8.000000000000000000e+00
1.589402696357800007e+09 9.000000000000000000e+00
1.589402696406125069e+09 1.000000000000000000e+01
1.589402696447664976e+09 1.100000000000000000e+01
1.589402696488494158e+09 1.200000000000000000e+01
1.589402696532954931e+09 1.300000000000000000e+01
1.589402696588495970e+09 1.400000000000000000e+01
1.589402696630545855e+09 1.500000000000000000e+01
1.589402696671792984e+09 1.600000000000000000e+01
1.589402696719650984e+09 1.700000000000000000e+01
1.589402696760142088e+09 1.800000000000000000e+01
1.589402696803342104e+09 1.900000000000000000e+01
1.589402696846941948e+09 2.000000000000000000e+01
1.589402696888468027e+09 2.100000000000000000e+01
1.589402696934735060e+09 2.200000000000000000e+01
1.589402696974029064e+09 2.300000000000000000e+01
1.589402697019405127e+09 2.400000000000000000e+01
1.589402697061964035e+09 2.500000000000000000e+01
1.589402697101356983e+09 2.600000000000000000e+01
1.589402697147596121e+09 2.700000000000000000e+01
1.589402697187076092e+09 2.800000000000000000e+01
1.589402697229306936e+09 2.900000000000000000e+01
1.589402697266689062e+09 3.000000000000000000e+01
1.589402697309442043e+09 3.100000000000000000e+01
1.589402697351568937e+09 3.200000000000000000e+01
1.589402697391955853e+09 3.300000000000000000e+01
1.589402697434151888e+09 3.400000000000000000e+01
1.589402697476121187e+09 3.500000000000000000e+01
1.589402697515914917e+09 3.600000000000000000e+01
1.589402697562751055e+09 3.700000000000000000e+01
1.589402697604443789e+09 3.800000000000000000e+01
1.589402697643416166e+09 3.900000000000000000e+01
1.589402697684892893e+09 4.000000000000000000e+01
1.589402697722268820e+09 4.100000000000000000e+01
1.589402697766001940e+09 4.200000000000000000e+01
1.589402697804178953e+09 4.300000000000000000e+01
1.589402697848372936e+09 4.400000000000000000e+01
1.589402697888975859e+09 4.500000000000000000e+01
1.589402697928447008e+09 4.600000000000000000e+01
1.589402697967596054e+09 4.700000000000000000e+01
1.589402698006567001e+09 4.800000000000000000e+01
1.589402698051084042e+09 4.900000000000000000e+01
1.589402698092622042e+09 5.000000000000000000e+01
1.589402698130618811e+09 5.100000000000000000e+01
1.589402698171067953e+09 5.200000000000000000e+01
1.589402698215525866e+09 5.300000000000000000e+01
1.589402698254778147e+09 5.400000000000000000e+01
1.589402698295332193e+09 5.500000000000000000e+01
1.589402698333621025e+09 5.600000000000000000e+01
1.589402698373034000e+09 5.700000000000000000e+01
1.589402698412260056e+09 5.800000000000000000e+01
1.589402698447849989e+09 5.900000000000000000e+01
1.589402698485893011e+09 6.000000000000000000e+01
1.589402698528023005e+09 6.100000000000000000e+01
1.589402698564859867e+09 6.200000000000000000e+01
1.589402698606233120e+09 6.300000000000000000e+01
1.589402698648385048e+09 6.400000000000000000e+01
1.589402698689468861e+09 6.500000000000000000e+01
1.589402698733088017e+09 6.600000000000000000e+01
1.589402698776504040e+09 6.700000000000000000e+01
1.589402698820126057e+09 6.800000000000000000e+01
1.589402698861315012e+09 6.900000000000000000e+01
1.589402698902611017e+09 7.000000000000000000e+01
1.589402698946776152e+09 7.100000000000000000e+01
1.589402698986970901e+09 7.200000000000000000e+01
1.589402699031534195e+09 7.300000000000000000e+01
1.589402699071532011e+09 7.400000000000000000e+01
1.589402699124115944e+09 7.500000000000000000e+01
1.589402699162282944e+09 7.600000000000000000e+01
1.589402699204360962e+09 7.700000000000000000e+01
1.589402699245242834e+09 7.800000000000000000e+01
1.589402699288182020e+09 7.900000000000000000e+01
1.589402699328858852e+09 8.000000000000000000e+01
1.589402699372382879e+09 8.100000000000000000e+01
1.589402699415867805e+09 8.200000000000000000e+01
1.589402699455796957e+09 8.300000000000000000e+01
1.589402699496768951e+09 8.400000000000000000e+01
1.589402699540009975e+09 8.500000000000000000e+01
1.589402699583386183e+09 8.600000000000000000e+01
1.589402699625205994e+09 8.700000000000000000e+01
1.589402699669381857e+09 8.800000000000000000e+01
1.589402699731724024e+09 8.900000000000000000e+01
1.589402699778374910e+09 9.000000000000000000e+01
1.589402699821223974e+09 9.100000000000000000e+01
1.589402699866029024e+09 9.200000000000000000e+01
1.589402699908620119e+09 9.300000000000000000e+01
1.589402699951311827e+09 9.400000000000000000e+01
1.589402699994518995e+09 9.500000000000000000e+01
1.589402700048394918e+09 9.600000000000000000e+01
1.589402700102723122e+09 9.700000000000000000e+01
1.589402700167489052e+09 9.800000000000000000e+01
1.589402700227967978e+09 9.900000000000000000e+01
1.589402700326354980e+09 1.000000000000000000e+02
1.589402700401934147e+09 1.010000000000000000e+02
1.589402700495994806e+09 1.020000000000000000e+02
1.589402700553008080e+09 1.030000000000000000e+02
1.589402700608062029e+09 1.040000000000000000e+02
1.589402700648217201e+09 1.050000000000000000e+02
1.589402700689741135e+09 1.060000000000000000e+02
1.589402700730386972e+09 1.070000000000000000e+02
1.589402700776355028e+09 1.080000000000000000e+02
1.589402700817713976e+09 1.090000000000000000e+02
1.589402700869903088e+09 1.100000000000000000e+02
1.589402700934925079e+09 1.110000000000000000e+02
1.589402700988262892e+09 1.120000000000000000e+02
1.589402701042692184e+09 1.130000000000000000e+02
1.589402701095793962e+09 1.140000000000000000e+02
1.589402701138946056e+09 1.150000000000000000e+02
1.589402701187677860e+09 1.160000000000000000e+02
1.589402701237309933e+09 1.170000000000000000e+02
1.589402701294589043e+09 1.180000000000000000e+02
1.589402701351493120e+09 1.190000000000000000e+02
1.589402701412602186e+09 1.200000000000000000e+02
1.589402701467675924e+09 1.210000000000000000e+02
1.589402701526070118e+09 1.220000000000000000e+02
1.589402701576240063e+09 1.230000000000000000e+02
1.589402701631524086e+09 1.240000000000000000e+02
1.589402701696578979e+09 1.250000000000000000e+02
1.589402701767699003e+09 1.260000000000000000e+02
1.589402701835232973e+09 1.270000000000000000e+02
1.589402701897423029e+09 1.280000000000000000e+02
1.589402701948143005e+09 1.290000000000000000e+02
1.589402701994359970e+09 1.300000000000000000e+02
1.589402702042508125e+09 1.310000000000000000e+02
1.589402702097335100e+09 1.320000000000000000e+02
1.589402702156383991e+09 1.330000000000000000e+02
1.589402702231061935e+09 1.340000000000000000e+02
1.589402702288745880e+09 1.350000000000000000e+02
1.589402702334204912e+09 1.360000000000000000e+02
1.589402702383705139e+09 1.370000000000000000e+02
1.589402702432700872e+09 1.380000000000000000e+02
1.589402702478795052e+09 1.390000000000000000e+02
1.589402702526557922e+09 1.400000000000000000e+02
1.589402702574488163e+09 1.410000000000000000e+02
1.589402702620624781e+09 1.420000000000000000e+02
1.589402702663355827e+09 1.430000000000000000e+02
1.589402702721101999e+09 1.440000000000000000e+02
1.589402702784488916e+09 1.450000000000000000e+02
1.589402702835496902e+09 1.460000000000000000e+02
1.589402702890974998e+09 1.470000000000000000e+02
1.589402702945881128e+09 1.480000000000000000e+02
1.589402702998367071e+09 1.490000000000000000e+02
1.589402703055729866e+09 1.500000000000000000e+02
1.589402703109094858e+09 1.510000000000000000e+02
1.589402703169636011e+09 1.520000000000000000e+02
1.589402703233470917e+09 1.530000000000000000e+02
1.589402703290014982e+09 1.540000000000000000e+02
1.589402703338052034e+09 1.550000000000000000e+02
1.589402703384300947e+09 1.560000000000000000e+02
1.589402703428350925e+09 1.570000000000000000e+02
1.589402703478830099e+09 1.580000000000000000e+02
1.589402703529299021e+09 1.590000000000000000e+02
1.589402703572879791e+09 1.600000000000000000e+02
1.589402703627948046e+09 1.610000000000000000e+02
1.589402703672400951e+09 1.620000000000000000e+02
1.589402703717954159e+09 1.630000000000000000e+02
1.589402703769140959e+09 1.640000000000000000e+02
1.589402703813740015e+09 1.650000000000000000e+02
1.589402703859217882e+09 1.660000000000000000e+02
1.589402703911947966e+09 1.670000000000000000e+02
1.589402703964409113e+09 1.680000000000000000e+02
1.589402704018436193e+09 1.690000000000000000e+02
1.589402704067247152e+09 1.700000000000000000e+02
1.589402704113135099e+09 1.710000000000000000e+02
1.589402704157658815e+09 1.720000000000000000e+02
1.589402704210393190e+09 1.730000000000000000e+02
1.589402704257039070e+09 1.740000000000000000e+02
1.589402704305130005e+09 1.750000000000000000e+02
1.589402704359617949e+09 1.760000000000000000e+02
1.589402704411887169e+09 1.770000000000000000e+02
1.589402704473306894e+09 1.780000000000000000e+02
1.589402704536983967e+09 1.790000000000000000e+02
1.589402704586225986e+09 1.800000000000000000e+02
1.589402704637313128e+09 1.810000000000000000e+02
1.589402704686815023e+09 1.820000000000000000e+02
1.589402704734853983e+09 1.830000000000000000e+02
1.589402704783485889e+09 1.840000000000000000e+02
1.589402704834361076e+09 1.850000000000000000e+02
1.589402704880854130e+09 1.860000000000000000e+02
1.589402704923864126e+09 1.870000000000000000e+02
1.589402704972877979e+09 1.880000000000000000e+02
1.589402705030021191e+09 1.890000000000000000e+02
1.589402705082254171e+09 1.900000000000000000e+02
1.589402705133003950e+09 1.910000000000000000e+02
1.589402705180074930e+09 1.920000000000000000e+02
1.589402705220849991e+09 1.930000000000000000e+02
1.589402705269716024e+09 1.940000000000000000e+02
1.589402705310316086e+09 1.950000000000000000e+02
1.589402705355659008e+09 1.960000000000000000e+02
1.589402705398370981e+09 1.970000000000000000e+02
1.589402705452193975e+09 1.980000000000000000e+02
1.589402705522550106e+09 1.990000000000000000e+02
1.589402705585241079e+09 2.000000000000000000e+02
1.589402705648250103e+09 2.010000000000000000e+02
1.589402705710773945e+09 2.020000000000000000e+02
1.589402705768134832e+09 2.030000000000000000e+02
1.589402705820720911e+09 2.040000000000000000e+02
1.589402705873065948e+09 2.050000000000000000e+02
1.589402705919691086e+09 2.060000000000000000e+02
1.589402705967119217e+09 2.070000000000000000e+02
1.589402706017774105e+09 2.080000000000000000e+02
1.589402706066823959e+09 2.090000000000000000e+02
1.589402706112561941e+09 2.100000000000000000e+02
1.589402706167955875e+09 2.110000000000000000e+02
1.589402706216393948e+09 2.120000000000000000e+02
1.589402706262710094e+09 2.130000000000000000e+02
1.589402706315443993e+09 2.140000000000000000e+02
1.589402706360161066e+09 2.150000000000000000e+02
1.589402706407868862e+09 2.160000000000000000e+02
1.589402706463764906e+09 2.170000000000000000e+02
1.589402706508606911e+09 2.180000000000000000e+02
1.589402706555329084e+09 2.190000000000000000e+02
1.589402706608612061e+09 2.200000000000000000e+02
1.589402706654949188e+09 2.210000000000000000e+02
1.589402706720150948e+09 2.220000000000000000e+02
1.589402706780333042e+09 2.230000000000000000e+02
1.589402706830945969e+09 2.240000000000000000e+02
1.589402706884809971e+09 2.250000000000000000e+02
1.589402706939151049e+09 2.260000000000000000e+02
1.589402707001962900e+09 2.270000000000000000e+02
1.589402707059612989e+09 2.280000000000000000e+02
1.589402707109539032e+09 2.290000000000000000e+02
1.589402707166256905e+09 2.300000000000000000e+02
1.589402707239389896e+09 2.310000000000000000e+02
1.589402707330883980e+09 2.320000000000000000e+02
1.589402707396299124e+09 2.330000000000000000e+02
1.589402707456264973e+09 2.340000000000000000e+02
1.589402707522652864e+09 2.350000000000000000e+02
1.589402707589319944e+09 2.360000000000000000e+02
1.589402707636795998e+09 2.370000000000000000e+02
1.589402707693876028e+09 2.380000000000000000e+02
1.589402707752019882e+09 2.390000000000000000e+02
1.589402707807744026e+09 2.400000000000000000e+02
1.589402707863084078e+09 2.410000000000000000e+02
1.589402707909530163e+09 2.420000000000000000e+02
1.589402707960757971e+09 2.430000000000000000e+02
1.589402708028831959e+09 2.440000000000000000e+02
1.589402708092694998e+09 2.450000000000000000e+02
1.589402708153300047e+09 2.460000000000000000e+02
1.589402708203392982e+09 2.470000000000000000e+02
1.589402708254192829e+09 2.480000000000000000e+02
1.589402708299373150e+09 2.490000000000000000e+02
1.589402708345757008e+09 2.500000000000000000e+02
1.589402708394322872e+09 2.510000000000000000e+02
1.589402708439060926e+09 2.520000000000000000e+02
1.589402708483238935e+09 2.530000000000000000e+02
1.589402708526228905e+09 2.540000000000000000e+02
1.589402708574940920e+09 2.550000000000000000e+02
1.589402708620325089e+09 2.560000000000000000e+02
1.589402708663411856e+09 2.570000000000000000e+02
1.589402708713082075e+09 2.580000000000000000e+02
1.589402708755822182e+09 2.590000000000000000e+02
1.589402708803602934e+09 2.600000000000000000e+02
1.589402708846904993e+09 2.610000000000000000e+02
1.589402708922881126e+09 2.620000000000000000e+02
1.589402708976931095e+09 2.630000000000000000e+02
1.589402709039864063e+09 2.640000000000000000e+02
1.589402709125292063e+09 2.650000000000000000e+02
1.589402709224673033e+09 2.660000000000000000e+02
1.589402709311802149e+09 2.670000000000000000e+02
1.589402709415877104e+09 2.680000000000000000e+02
1.589402709484143019e+09 2.690000000000000000e+02
1.589402709550201178e+09 2.700000000000000000e+02
1.589402709626739025e+09 2.710000000000000000e+02
1.589402709701844931e+09 2.720000000000000000e+02
1.589402709789840937e+09 2.730000000000000000e+02
1.589402709840976954e+09 2.740000000000000000e+02
1.589402709890232086e+09 2.750000000000000000e+02
1.589402709941570997e+09 2.760000000000000000e+02
1.589402710000061035e+09 2.770000000000000000e+02
1.589402710050371170e+09 2.780000000000000000e+02
1.589402710105501890e+09 2.790000000000000000e+02
1.589402710162462950e+09 2.800000000000000000e+02
1.589402710219687939e+09 2.810000000000000000e+02
1.589402710277060032e+09 2.820000000000000000e+02
1.589402710339450836e+09 2.830000000000000000e+02
1.589402710394181967e+09 2.840000000000000000e+02
1.589402710459749937e+09 2.850000000000000000e+02
1.589402710554638147e+09 2.860000000000000000e+02
1.589402710639044046e+09 2.870000000000000000e+02
1.589402710733309984e+09 2.880000000000000000e+02
1.589402710798214912e+09 2.890000000000000000e+02
1.589402710853510857e+09 2.900000000000000000e+02
1.589402710912222862e+09 2.910000000000000000e+02
1.589402710983028889e+09 2.920000000000000000e+02
1.589402711040261030e+09 2.930000000000000000e+02
1.589402711113288879e+09 2.940000000000000000e+02
1.589402711172867060e+09 2.950000000000000000e+02
1.589402711234133005e+09 2.960000000000000000e+02
1.589402711288967848e+09 2.970000000000000000e+02
1.589402711368142128e+09 2.980000000000000000e+02
1.589402711477869987e+09 2.990000000000000000e+02
1.589402711543076038e+09 3.000000000000000000e+02
1.589402711655783892e+09 3.010000000000000000e+02
1.589402711734497070e+09 3.020000000000000000e+02
1.589402711793015957e+09 3.030000000000000000e+02
1.589402711894664049e+09 3.040000000000000000e+02
1.589402711966596127e+09 3.050000000000000000e+02
1.589402712069941998e+09 3.060000000000000000e+02
1.589402712165243864e+09 3.070000000000000000e+02
1.589402712247051954e+09 3.080000000000000000e+02
1.589402712330324888e+09 3.090000000000000000e+02
1.589402712388294935e+09 3.100000000000000000e+02
1.589402712448378086e+09 3.110000000000000000e+02
1.589402712524303198e+09 3.120000000000000000e+02
1.589402712583199978e+09 3.130000000000000000e+02
1.589402712651947975e+09 3.140000000000000000e+02
1.589402712756980896e+09 3.150000000000000000e+02
1.589402712823411942e+09 3.160000000000000000e+02
1.589402712888843060e+09 3.170000000000000000e+02
1.589402712960768938e+09 3.180000000000000000e+02
1.589402713043355942e+09 3.190000000000000000e+02
1.589402713117578983e+09 3.200000000000000000e+02
1.589402713201635122e+09 3.210000000000000000e+02
1.589402713279427052e+09 3.220000000000000000e+02
1.589402713337568998e+09 3.230000000000000000e+02
1.589402713390683889e+09 3.240000000000000000e+02
1.589402713442733049e+09 3.250000000000000000e+02
1.589402713491226912e+09 3.260000000000000000e+02
1.589402713547771931e+09 3.270000000000000000e+02
1.589402713611047029e+09 3.280000000000000000e+02
1.589402713691075087e+09 3.290000000000000000e+02
1.589402713799541950e+09 3.300000000000000000e+02
1.589402713863859892e+09 3.310000000000000000e+02
1.589402713930742025e+09 3.320000000000000000e+02
1.589402713987414122e+09 3.330000000000000000e+02
1.589402714039978981e+09 3.340000000000000000e+02
1.589402714103394032e+09 3.350000000000000000e+02
1.589402714182410955e+09 3.360000000000000000e+02
1.589402714234319925e+09 3.370000000000000000e+02
1.589402714298846006e+09 3.380000000000000000e+02
1.589402714365701199e+09 3.390000000000000000e+02
1.589402714503137112e+09 3.400000000000000000e+02
1.589402714643536806e+09 3.410000000000000000e+02
1.589402714753390074e+09 3.420000000000000000e+02
1.589402714909787893e+09 3.430000000000000000e+02
1.589402715010714769e+09 3.440000000000000000e+02
1.589402715086708069e+09 3.450000000000000000e+02
1.589402715153551817e+09 3.460000000000000000e+02
1.589402715241217136e+09 3.470000000000000000e+02
1.589402715317125082e+09 3.480000000000000000e+02
1.589402715391930103e+09 3.490000000000000000e+02
1.589402715506860018e+09 3.500000000000000000e+02
1.589402715596976042e+09 3.510000000000000000e+02
1.589402715688048840e+09 3.520000000000000000e+02
1.589402715791056871e+09 3.530000000000000000e+02
1.589402715846678972e+09 3.540000000000000000e+02
1.589402715910509109e+09 3.550000000000000000e+02
1.589402715980020046e+09 3.560000000000000000e+02
1.589402716082810163e+09 3.570000000000000000e+02
1.589402716144990921e+09 3.580000000000000000e+02
1.589402716201563835e+09 3.590000000000000000e+02
1.589402716265156031e+09 3.600000000000000000e+02
1.589402716340261221e+09 3.610000000000000000e+02
1.589402716420255899e+09 3.620000000000000000e+02
1.589402716489515066e+09 3.630000000000000000e+02
1.589402716568276882e+09 3.640000000000000000e+02
1.589402716634203911e+09 3.650000000000000000e+02
1.589402716707085133e+09 3.660000000000000000e+02
1.589402716785348177e+09 3.670000000000000000e+02
1.589402716861381054e+09 3.680000000000000000e+02
1.589402716921779871e+09 3.690000000000000000e+02
1.589402716990028143e+09 3.700000000000000000e+02
1.589402717046681166e+09 3.710000000000000000e+02
1.589402717116280079e+09 3.720000000000000000e+02
1.589402717180557966e+09 3.730000000000000000e+02
1.589402717244850874e+09 3.740000000000000000e+02
1.589402717306561947e+09 3.750000000000000000e+02
1.589402717405697107e+09 3.760000000000000000e+02
1.589402717460732937e+09 3.770000000000000000e+02
1.589402717509691954e+09 3.780000000000000000e+02
1.589402717560930967e+09 3.790000000000000000e+02
1.589402717623772860e+09 3.800000000000000000e+02
1.589402717675657034e+09 3.810000000000000000e+02
1.589402717740559816e+09 3.820000000000000000e+02
1.589402717791528940e+09 3.830000000000000000e+02
1.589402717847395182e+09 3.840000000000000000e+02
1.589402717897964001e+09 3.850000000000000000e+02
1.589402717945474148e+09 3.860000000000000000e+02
1.589402718000715971e+09 3.870000000000000000e+02
1.589402718080471039e+09 3.880000000000000000e+02
1.589402718132151127e+09 3.890000000000000000e+02
1.589402718193392038e+09 3.900000000000000000e+02
1.589402718253835917e+09 3.910000000000000000e+02
1.589402718302477121e+09 3.920000000000000000e+02
1.589402718360907078e+09 3.930000000000000000e+02
1.589402718413107872e+09 3.940000000000000000e+02
1.589402718464683056e+09 3.950000000000000000e+02
1.589402718516169071e+09 3.960000000000000000e+02
1.589402718562862158e+09 3.970000000000000000e+02
1.589402718611994028e+09 3.980000000000000000e+02
1.589402718669274807e+09 3.990000000000000000e+02
1.589402718719244957e+09 4.000000000000000000e+02
1.589402718767227888e+09 4.010000000000000000e+02
1.589402718821218014e+09 4.020000000000000000e+02
1.589402718891855001e+09 4.030000000000000000e+02
1.589402718958073139e+09 4.040000000000000000e+02
1.589402719036834955e+09 4.050000000000000000e+02
1.589402719100162983e+09 4.060000000000000000e+02
1.589402719164546967e+09 4.070000000000000000e+02
1.589402719217101097e+09 4.080000000000000000e+02
1.589402719269552946e+09 4.090000000000000000e+02
1.589402719320835114e+09 4.100000000000000000e+02
1.589402719367089987e+09 4.110000000000000000e+02
1.589402719419696808e+09 4.120000000000000000e+02
1.589402719465537071e+09 4.130000000000000000e+02
1.589402719515084982e+09 4.140000000000000000e+02
1.589402719567014933e+09 4.150000000000000000e+02
1.589402719616428137e+09 4.160000000000000000e+02
1.589402719667917967e+09 4.170000000000000000e+02
1.589402719719531059e+09 4.180000000000000000e+02
1.589402719765435934e+09 4.190000000000000000e+02
1.589402719811757088e+09 4.200000000000000000e+02
1.589402719862071037e+09 4.210000000000000000e+02
1.589402719909548998e+09 4.220000000000000000e+02
1.589402719959028006e+09 4.230000000000000000e+02
1.589402720010426044e+09 4.240000000000000000e+02
1.589402720059899807e+09 4.250000000000000000e+02
1.589402720109285116e+09 4.260000000000000000e+02
1.589402720159327030e+09 4.270000000000000000e+02
1.589402720207170010e+09 4.280000000000000000e+02
1.589402720253834963e+09 4.290000000000000000e+02
1.589402720312546968e+09 4.300000000000000000e+02
1.589402720357098103e+09 4.310000000000000000e+02
1.589402720436005116e+09 4.320000000000000000e+02
1.589402720504796982e+09 4.330000000000000000e+02
1.589402720564218998e+09 4.340000000000000000e+02
1.589402720616463900e+09 4.350000000000000000e+02
1.589402720667711973e+09 4.360000000000000000e+02
1.589402720730800152e+09 4.370000000000000000e+02
1.589402720783242941e+09 4.380000000000000000e+02
1.589402720834687948e+09 4.390000000000000000e+02
1.589402720907450914e+09 4.400000000000000000e+02
1.589402720969133139e+09 4.410000000000000000e+02
1.589402721020114899e+09 4.420000000000000000e+02
1.589402721090522766e+09 4.430000000000000000e+02
1.589402721149076939e+09 4.440000000000000000e+02
1.589402721207870007e+09 4.450000000000000000e+02
1.589402721260483980e+09 4.460000000000000000e+02
1.589402721310184002e+09 4.470000000000000000e+02
1.589402721369309902e+09 4.480000000000000000e+02
1.589402721419550896e+09 4.490000000000000000e+02
1.589402721470735788e+09 4.500000000000000000e+02
1.589402721516537189e+09 4.510000000000000000e+02
1.589402721564774990e+09 4.520000000000000000e+02
1.589402721610636950e+09 4.530000000000000000e+02
1.589402721665072918e+09 4.540000000000000000e+02
1.589402721718770981e+09 4.550000000000000000e+02
1.589402721767675877e+09 4.560000000000000000e+02
1.589402721817228079e+09 4.570000000000000000e+02
1.589402721873696089e+09 4.580000000000000000e+02
1.589402721938319206e+09 4.590000000000000000e+02
1.589402722008580208e+09 4.600000000000000000e+02
1.589402722075896025e+09 4.610000000000000000e+02
1.589402722167983055e+09 4.620000000000000000e+02
1.589402722237246037e+09 4.630000000000000000e+02
1.589402722320180893e+09 4.640000000000000000e+02
1.589402722387514114e+09 4.650000000000000000e+02
1.589402722440807819e+09 4.660000000000000000e+02
1.589402722497700214e+09 4.670000000000000000e+02
1.589402722555045843e+09 4.680000000000000000e+02
1.589402722619501114e+09 4.690000000000000000e+02
1.589402722669896841e+09 4.700000000000000000e+02
1.589402722724071980e+09 4.710000000000000000e+02
1.589402722777582169e+09 4.720000000000000000e+02
1.589402722836509943e+09 4.730000000000000000e+02
1.589402722885226965e+09 4.740000000000000000e+02
1.589402722939244032e+09 4.750000000000000000e+02
1.589402723003525019e+09 4.760000000000000000e+02
1.589402723054726839e+09 4.770000000000000000e+02
1.589402723099966049e+09 4.780000000000000000e+02
1.589402723156117916e+09 4.790000000000000000e+02
1.589402723204236984e+09 4.800000000000000000e+02
1.589402723251097202e+09 4.810000000000000000e+02
1.589402723302409887e+09 4.820000000000000000e+02
1.589402723351275921e+09 4.830000000000000000e+02
1.589402723399172068e+09 4.840000000000000000e+02
1.589402723456099987e+09 4.850000000000000000e+02
1.589402723502778769e+09 4.860000000000000000e+02
1.589402723550689936e+09 4.870000000000000000e+02
1.589402723606097937e+09 4.880000000000000000e+02
1.589402723654393196e+09 4.890000000000000000e+02
1.589402723704807997e+09 4.900000000000000000e+02
1.589402723755388021e+09 4.910000000000000000e+02
1.589402723807546139e+09 4.920000000000000000e+02
1.589402723858490944e+09 4.930000000000000000e+02
1.589402723911847830e+09 4.940000000000000000e+02
1.589402723965590954e+09 4.950000000000000000e+02
1.589402724025978804e+09 4.960000000000000000e+02
1.589402724089694977e+09 4.970000000000000000e+02
1.589402724148549080e+09 4.980000000000000000e+02
1.589402724208501101e+09 4.990000000000000000e+02
1.589402724258301020e+09 5.000000000000000000e+02
1.589402724305234909e+09 5.010000000000000000e+02
1.589402724358543158e+09 5.020000000000000000e+02
1.589402724413223982e+09 5.030000000000000000e+02
1.589402724467599869e+09 5.040000000000000000e+02
1.589402724522029161e+09 5.050000000000000000e+02
1.589402724593060017e+09 5.060000000000000000e+02
1.589402724655255079e+09 5.070000000000000000e+02
1.589402724706533909e+09 5.080000000000000000e+02
1.589402724758138180e+09 5.090000000000000000e+02
1.589402724812410831e+09 5.100000000000000000e+02
1.589402724861402988e+09 5.110000000000000000e+02
1.589402724914018154e+09 5.120000000000000000e+02
1.589402724969370842e+09 5.130000000000000000e+02
1.589402725017097950e+09 5.140000000000000000e+02
1.589402725063092947e+09 5.150000000000000000e+02
1.589402725126177073e+09 5.160000000000000000e+02
1.589402725184572935e+09 5.170000000000000000e+02
1.589402725232192993e+09 5.180000000000000000e+02
1.589402725282435179e+09 5.190000000000000000e+02
1.589402725333687067e+09 5.200000000000000000e+02
1.589402725382799864e+09 5.210000000000000000e+02
1.589402725439188957e+09 5.220000000000000000e+02
1.589402725494404078e+09 5.230000000000000000e+02
1.589402725545542002e+09 5.240000000000000000e+02
1.589402725597644091e+09 5.250000000000000000e+02
1.589402725653655052e+09 5.260000000000000000e+02
1.589402725712587118e+09 5.270000000000000000e+02
1.589402725773687124e+09 5.280000000000000000e+02
1.589402725837072849e+09 5.290000000000000000e+02
1.589402725887758017e+09 5.300000000000000000e+02
1.589402725940511942e+09 5.310000000000000000e+02
1.589402725995142937e+09 5.320000000000000000e+02
1.589402726047173023e+09 5.330000000000000000e+02
1.589402726097971916e+09 5.340000000000000000e+02
1.589402726155527830e+09 5.350000000000000000e+02
1.589402726204253912e+09 5.360000000000000000e+02
1.589402726250046015e+09 5.370000000000000000e+02
1.589402726305272102e+09 5.380000000000000000e+02
1.589402726352271795e+09 5.390000000000000000e+02
1.589402726401097059e+09 5.400000000000000000e+02
1.589402726456442118e+09 5.410000000000000000e+02
1.589402726505422115e+09 5.420000000000000000e+02
1.589402726563599110e+09 5.430000000000000000e+02
1.589402726619752884e+09 5.440000000000000000e+02
1.589402726673445225e+09 5.450000000000000000e+02
1.589402726727710009e+09 5.460000000000000000e+02
1.589402726781839132e+09 5.470000000000000000e+02
1.589402726832091808e+09 5.480000000000000000e+02
1.589402726882994890e+09 5.490000000000000000e+02
1.589402726934885025e+09 5.500000000000000000e+02
1.589402726989983082e+09 5.510000000000000000e+02
1.589402727051213980e+09 5.520000000000000000e+02
1.589402727111694098e+09 5.530000000000000000e+02
1.589402727164371014e+09 5.540000000000000000e+02
1.589402727225802898e+09 5.550000000000000000e+02
1.589402727280045986e+09 5.560000000000000000e+02
1.589402727336527109e+09 5.570000000000000000e+02
1.589402727388153076e+09 5.580000000000000000e+02
1.589402727437802076e+09 5.590000000000000000e+02
1.589402727501240015e+09 5.600000000000000000e+02
1.589402727556493044e+09 5.610000000000000000e+02
1.589402727609562159e+09 5.620000000000000000e+02
1.589402727669881105e+09 5.630000000000000000e+02
1.589402727723577023e+09 5.640000000000000000e+02
1.589402727781867027e+09 5.650000000000000000e+02
1.589402727833722830e+09 5.660000000000000000e+02
1.589402727884101152e+09 5.670000000000000000e+02
1.589402727938150883e+09 5.680000000000000000e+02
1.589402727988033056e+09 5.690000000000000000e+02
1.589402728039100885e+09 5.700000000000000000e+02
1.589402728096776962e+09 5.710000000000000000e+02
1.589402728142566919e+09 5.720000000000000000e+02
1.589402728194952011e+09 5.730000000000000000e+02
1.589402728249120951e+09 5.740000000000000000e+02
1.589402728300357819e+09 5.750000000000000000e+02
1.589402728354517937e+09 5.760000000000000000e+02
1.589402728409712076e+09 5.770000000000000000e+02
1.589402728458671093e+09 5.780000000000000000e+02
1.589402728510745049e+09 5.790000000000000000e+02
1.589402728565953970e+09 5.800000000000000000e+02
1.589402728611858845e+09 5.810000000000000000e+02
1.589402728660930157e+09 5.820000000000000000e+02
1.589402728715579987e+09 5.830000000000000000e+02
1.589402728768559217e+09 5.840000000000000000e+02
1.589402728829288006e+09 5.850000000000000000e+02
1.589402728884073019e+09 5.860000000000000000e+02
1.589402728938446045e+09 5.870000000000000000e+02
1.589402728992807865e+09 5.880000000000000000e+02
1.589402729045219183e+09 5.890000000000000000e+02
1.589402729098199129e+09 5.900000000000000000e+02
1.589402729157840967e+09 5.910000000000000000e+02
1.589402729213498831e+09 5.920000000000000000e+02
1.589402729269186974e+09 5.930000000000000000e+02
1.589402729320619106e+09 5.940000000000000000e+02
1.589402729379658937e+09 5.950000000000000000e+02
1.589402729433206081e+09 5.960000000000000000e+02
1.589402729483492136e+09 5.970000000000000000e+02
1.589402729530637026e+09 5.980000000000000000e+02
1.589402729582723141e+09 5.990000000000000000e+02
1.589402729630092144e+09 6.000000000000000000e+02
1.589402729695294857e+09 6.010000000000000000e+02
1.589402729760812998e+09 6.020000000000000000e+02
1.589402729817461014e+09 6.030000000000000000e+02
1.589402729873439074e+09 6.040000000000000000e+02
1.589402729931430817e+09 6.050000000000000000e+02
1.589402729986281872e+09 6.060000000000000000e+02
1.589402730041602135e+09 6.070000000000000000e+02
1.589402730093554020e+09 6.080000000000000000e+02
1.589402730155438185e+09 6.090000000000000000e+02
1.589402730219105005e+09 6.100000000000000000e+02
1.589402730281186104e+09 6.110000000000000000e+02
1.589402730343074083e+09 6.120000000000000000e+02
1.589402730394353867e+09 6.130000000000000000e+02
1.589402730445878983e+09 6.140000000000000000e+02
1.589402730503397226e+09 6.150000000000000000e+02
1.589402730575305939e+09 6.160000000000000000e+02
1.589402730644632101e+09 6.170000000000000000e+02
1.589402730703129053e+09 6.180000000000000000e+02
1.589402730754959822e+09 6.190000000000000000e+02
1.589402730827116966e+09 6.200000000000000000e+02
1.589402730882303953e+09 6.210000000000000000e+02
1.589402730936816931e+09 6.220000000000000000e+02
1.589402730988117933e+09 6.230000000000000000e+02
1.589402731044481993e+09 6.240000000000000000e+02
1.589402731105615139e+09 6.250000000000000000e+02
1.589402731159878969e+09 6.260000000000000000e+02
1.589402731212162971e+09 6.270000000000000000e+02
1.589402731266654015e+09 6.280000000000000000e+02
1.589402731332144976e+09 6.290000000000000000e+02
1.589402731397563934e+09 6.300000000000000000e+02
1.589402731506511927e+09 6.310000000000000000e+02
1.589402731570320845e+09 6.320000000000000000e+02
1.589402731632582903e+09 6.330000000000000000e+02
1.589402731692559958e+09 6.340000000000000000e+02
1.589402731743957996e+09 6.350000000000000000e+02
1.589402731798249006e+09 6.360000000000000000e+02
1.589402731853238106e+09 6.370000000000000000e+02
1.589402731902616024e+09 6.380000000000000000e+02
1.589402731955122948e+09 6.390000000000000000e+02
1.589402732009832859e+09 6.400000000000000000e+02
1.589402732059551001e+09 6.410000000000000000e+02
1.589402732111428022e+09 6.420000000000000000e+02
1.589402732163386106e+09 6.430000000000000000e+02
1.589402732212574959e+09 6.440000000000000000e+02
1.589402732267019033e+09 6.450000000000000000e+02
1.589402732323590994e+09 6.460000000000000000e+02
1.589402732376904011e+09 6.470000000000000000e+02
1.589402732433579922e+09 6.480000000000000000e+02
1.589402732486437082e+09 6.490000000000000000e+02
1.589402732541859150e+09 6.500000000000000000e+02
1.589402732634505987e+09 6.510000000000000000e+02
1.589402732702914000e+09 6.520000000000000000e+02
1.589402732788237095e+09 6.530000000000000000e+02
1.589402732844504118e+09 6.540000000000000000e+02
1.589402732902771950e+09 6.550000000000000000e+02
1.589402732958542109e+09 6.560000000000000000e+02
1.589402733014415026e+09 6.570000000000000000e+02
1.589402733072459936e+09 6.580000000000000000e+02
1.589402733124788046e+09 6.590000000000000000e+02
1.589402733173002005e+09 6.600000000000000000e+02
1.589402733225718021e+09 6.610000000000000000e+02
1.589402733274250031e+09 6.620000000000000000e+02
1.589402733325362921e+09 6.630000000000000000e+02
1.589402733385093927e+09 6.640000000000000000e+02
1.589402733443789005e+09 6.650000000000000000e+02
1.589402733509311914e+09 6.660000000000000000e+02
1.589402733557597876e+09 6.670000000000000000e+02
1.589402733608286858e+09 6.680000000000000000e+02
1.589402733660462141e+09 6.690000000000000000e+02
1.589402733711072922e+09 6.700000000000000000e+02
1.589402733762512922e+09 6.710000000000000000e+02
1.589402733816929102e+09 6.720000000000000000e+02
1.589402733869166136e+09 6.730000000000000000e+02
1.589402733919909239e+09 6.740000000000000000e+02
1.589402733976656914e+09 6.750000000000000000e+02
1.589402734024586916e+09 6.760000000000000000e+02
1.589402734086213112e+09 6.770000000000000000e+02
1.589402734141158819e+09 6.780000000000000000e+02
1.589402734192878008e+09 6.790000000000000000e+02
1.589402734254170179e+09 6.800000000000000000e+02
1.589402734304620028e+09 6.810000000000000000e+02
1.589402734359894991e+09 6.820000000000000000e+02
1.589402734412325859e+09 6.830000000000000000e+02
1.589402734472213984e+09 6.840000000000000000e+02
1.589402734530406952e+09 6.850000000000000000e+02
1.589402734583981037e+09 6.860000000000000000e+02
1.589402734640001059e+09 6.870000000000000000e+02
1.589402734702627182e+09 6.880000000000000000e+02
1.589402734771080971e+09 6.890000000000000000e+02
1.589402734831610203e+09 6.900000000000000000e+02
1.589402734886440992e+09 6.910000000000000000e+02
1.589402734942978144e+09 6.920000000000000000e+02
1.589402735000534058e+09 6.930000000000000000e+02
1.589402735060831070e+09 6.940000000000000000e+02
1.589402735123011112e+09 6.950000000000000000e+02
1.589402735180174112e+09 6.960000000000000000e+02
1.589402735236763954e+09 6.970000000000000000e+02
1.589402735290014982e+09 6.980000000000000000e+02
1.589402735350745201e+09 6.990000000000000000e+02
1.589402735409039021e+09 7.000000000000000000e+02
1.589402735468659878e+09 7.010000000000000000e+02
1.589402735525110960e+09 7.020000000000000000e+02
1.589402735583064079e+09 7.030000000000000000e+02
1.589402735647986889e+09 7.040000000000000000e+02
1.589402735704688787e+09 7.050000000000000000e+02
1.589402735761466026e+09 7.060000000000000000e+02
1.589402735812386036e+09 7.070000000000000000e+02
1.589402735870305061e+09 7.080000000000000000e+02
1.589402735937927008e+09 7.090000000000000000e+02
1.589402736001840115e+09 7.100000000000000000e+02
1.589402736059148073e+09 7.110000000000000000e+02
1.589402736122504950e+09 7.120000000000000000e+02
1.589402736194842815e+09 7.130000000000000000e+02
1.589402736254893064e+09 7.140000000000000000e+02
1.589402736316110134e+09 7.150000000000000000e+02
1.589402736380753994e+09 7.160000000000000000e+02
1.589402736438302994e+09 7.170000000000000000e+02
1.589402736498951912e+09 7.180000000000000000e+02
1.589402736551434994e+09 7.190000000000000000e+02
1.589402736609119892e+09 7.200000000000000000e+02
1.589402736681572199e+09 7.210000000000000000e+02
1.589402736740576982e+09 7.220000000000000000e+02
1.589402736795119047e+09 7.230000000000000000e+02
1.589402736852666140e+09 7.240000000000000000e+02
1.589402736909728050e+09 7.250000000000000000e+02
1.589402736966263056e+09 7.260000000000000000e+02
1.589402737022689104e+09 7.270000000000000000e+02
1.589402737083328962e+09 7.280000000000000000e+02
1.589402737134723186e+09 7.290000000000000000e+02
1.589402737188977957e+09 7.300000000000000000e+02
1.589402737252979994e+09 7.310000000000000000e+02
1.589402737322796106e+09 7.320000000000000000e+02
1.589402737385288954e+09 7.330000000000000000e+02
1.589402737441009998e+09 7.340000000000000000e+02
1.589402737497169971e+09 7.350000000000000000e+02
1.589402737555197001e+09 7.360000000000000000e+02
1.589402737609837055e+09 7.370000000000000000e+02
1.589402737661645174e+09 7.380000000000000000e+02
1.589402737720037222e+09 7.390000000000000000e+02
1.589402737767428160e+09 7.400000000000000000e+02
1.589402737822213173e+09 7.410000000000000000e+02
1.589402737873939991e+09 7.420000000000000000e+02
1.589402737928165197e+09 7.430000000000000000e+02
1.589402737981786966e+09 7.440000000000000000e+02
1.589402738047053099e+09 7.450000000000000000e+02
1.589402738116745949e+09 7.460000000000000000e+02
1.589402738193787813e+09 7.470000000000000000e+02
1.589402738250698090e+09 7.480000000000000000e+02
1.589402738305263042e+09 7.490000000000000000e+02
1.589402738357932091e+09 7.500000000000000000e+02
1.589402738412975073e+09 7.510000000000000000e+02
1.589402738470880032e+09 7.520000000000000000e+02
1.589402738523766041e+09 7.530000000000000000e+02
1.589402738582234144e+09 7.540000000000000000e+02
1.589402738641545057e+09 7.550000000000000000e+02
1.589402738697765827e+09 7.560000000000000000e+02
1.589402738754750967e+09 7.570000000000000000e+02
1.589402738808439016e+09 7.580000000000000000e+02
1.589402738864028931e+09 7.590000000000000000e+02
1.589402738921108007e+09 7.600000000000000000e+02
1.589402738976826191e+09 7.610000000000000000e+02
1.589402739035341024e+09 7.620000000000000000e+02
1.589402739090090036e+09 7.630000000000000000e+02
1.589402739146337032e+09 7.640000000000000000e+02
1.589402739206318140e+09 7.650000000000000000e+02
1.589402739264048815e+09 7.660000000000000000e+02
1.589402739319752932e+09 7.670000000000000000e+02
1.589402739381170988e+09 7.680000000000000000e+02
1.589402739440185070e+09 7.690000000000000000e+02
1.589402739491278172e+09 7.700000000000000000e+02
1.589402739549011946e+09 7.710000000000000000e+02
1.589402739600568056e+09 7.720000000000000000e+02
1.589402739665214062e+09 7.730000000000000000e+02
1.589402739713124037e+09 7.740000000000000000e+02
1.589402739772063017e+09 7.750000000000000000e+02
1.589402739829359055e+09 7.760000000000000000e+02
1.589402739883774042e+09 7.770000000000000000e+02
1.589402739936806917e+09 7.780000000000000000e+02
1.589402739993178129e+09 7.790000000000000000e+02
1.589402740053477049e+09 7.800000000000000000e+02
1.589402740109006166e+09 7.810000000000000000e+02
1.589402740161636114e+09 7.820000000000000000e+02
1.589402740215952873e+09 7.830000000000000000e+02
1.589402740269424915e+09 7.840000000000000000e+02
1.589402740322845936e+09 7.850000000000000000e+02
1.589402740378002882e+09 7.860000000000000000e+02
1.589402740427565098e+09 7.870000000000000000e+02
1.589402740482501030e+09 7.880000000000000000e+02
1.589402740533504009e+09 7.890000000000000000e+02
1.589402740586810827e+09 7.900000000000000000e+02
1.589402740648102999e+09 7.910000000000000000e+02
1.589402740712655067e+09 7.920000000000000000e+02
1.589402740767443895e+09 7.930000000000000000e+02
1.589402740820165157e+09 7.940000000000000000e+02
1.589402740890373945e+09 7.950000000000000000e+02
1.589402740954110861e+09 7.960000000000000000e+02
1.589402741011639118e+09 7.970000000000000000e+02
1.589402741066886902e+09 7.980000000000000000e+02
1.589402741138891935e+09 7.990000000000000000e+02
1.589402741234795094e+09 8.000000000000000000e+02
1.589402741298231125e+09 8.010000000000000000e+02
1.589402741377551794e+09 8.020000000000000000e+02
1.589402741443162918e+09 8.030000000000000000e+02
1.589402741507082939e+09 8.040000000000000000e+02
1.589402741583931923e+09 8.050000000000000000e+02
1.589402741660068035e+09 8.060000000000000000e+02
1.589402741735991001e+09 8.070000000000000000e+02
1.589402741798842192e+09 8.080000000000000000e+02
1.589402741864439011e+09 8.090000000000000000e+02
1.589402741926954985e+09 8.100000000000000000e+02
1.589402741987894058e+09 8.110000000000000000e+02
1.589402742065040827e+09 8.120000000000000000e+02
1.589402742136752129e+09 8.130000000000000000e+02
1.589402742211098909e+09 8.140000000000000000e+02
1.589402742271653891e+09 8.150000000000000000e+02
1.589402742330361128e+09 8.160000000000000000e+02
1.589402742388535976e+09 8.170000000000000000e+02
1.589402742455428123e+09 8.180000000000000000e+02
1.589402742534610033e+09 8.190000000000000000e+02
1.589402742591513157e+09 8.200000000000000000e+02
1.589402742652431965e+09 8.210000000000000000e+02
1.589402742711692095e+09 8.220000000000000000e+02
1.589402742800133228e+09 8.230000000000000000e+02
1.589402742884456873e+09 8.240000000000000000e+02
1.589402742954939842e+09 8.250000000000000000e+02
1.589402743029141903e+09 8.260000000000000000e+02
1.589402743095736980e+09 8.270000000000000000e+02
1.589402743149080992e+09 8.280000000000000000e+02
1.589402743205888033e+09 8.290000000000000000e+02
1.589402743272887945e+09 8.300000000000000000e+02
1.589402743329661846e+09 8.310000000000000000e+02
1.589402743392568111e+09 8.320000000000000000e+02
1.589402743447590828e+09 8.330000000000000000e+02
1.589402743508091927e+09 8.340000000000000000e+02
1.589402743585917950e+09 8.350000000000000000e+02
1.589402743651163816e+09 8.360000000000000000e+02
1.589402743719528913e+09 8.370000000000000000e+02
1.589402743782665968e+09 8.380000000000000000e+02
1.589402743842198133e+09 8.390000000000000000e+02
1.589402743897475004e+09 8.400000000000000000e+02
1.589402743951616049e+09 8.410000000000000000e+02
1.589402744017049074e+09 8.420000000000000000e+02
1.589402744078419924e+09 8.430000000000000000e+02
1.589402744139185905e+09 8.440000000000000000e+02
1.589402744206331968e+09 8.450000000000000000e+02
1.589402744308406115e+09 8.460000000000000000e+02
1.589402744383034945e+09 8.470000000000000000e+02
1.589402744444747925e+09 8.480000000000000000e+02
1.589402744506537914e+09 8.490000000000000000e+02
1.589402744588253021e+09 8.500000000000000000e+02
1.589402744646388054e+09 8.510000000000000000e+02
1.589402744716769934e+09 8.520000000000000000e+02
1.589402744782938004e+09 8.530000000000000000e+02
1.589402744848037004e+09 8.540000000000000000e+02
1.589402744902734041e+09 8.550000000000000000e+02
1.589402744958107948e+09 8.560000000000000000e+02
1.589402745026693106e+09 8.570000000000000000e+02
1.589402745090580940e+09 8.580000000000000000e+02
1.589402745164559126e+09 8.590000000000000000e+02
1.589402745233118057e+09 8.600000000000000000e+02
1.589402745291983843e+09 8.610000000000000000e+02
1.589402745349426985e+09 8.620000000000000000e+02
1.589402745405153036e+09 8.630000000000000000e+02
1.589402745458852053e+09 8.640000000000000000e+02
1.589402745522229910e+09 8.650000000000000000e+02
1.589402745580585003e+09 8.660000000000000000e+02
1.589402745671468973e+09 8.670000000000000000e+02
1.589402745769175053e+09 8.680000000000000000e+02
1.589402745859273911e+09 8.690000000000000000e+02
1.589402745930446148e+09 8.700000000000000000e+02
1.589402745987468958e+09 8.710000000000000000e+02
1.589402746048213005e+09 8.720000000000000000e+02
1.589402746113756895e+09 8.730000000000000000e+02
1.589402746168298960e+09 8.740000000000000000e+02
1.589402746228046179e+09 8.750000000000000000e+02
1.589402746281974077e+09 8.760000000000000000e+02
1.589402746333381176e+09 8.770000000000000000e+02
1.589402746392805815e+09 8.780000000000000000e+02
1.589402746445333004e+09 8.790000000000000000e+02
1.589402746506754160e+09 8.800000000000000000e+02
1.589402746575941801e+09 8.810000000000000000e+02
1.589402746630287886e+09 8.820000000000000000e+02
1.589402746691355944e+09 8.830000000000000000e+02
1.589402746744013071e+09 8.840000000000000000e+02
1.589402746801026106e+09 8.850000000000000000e+02
1.589402746858304977e+09 8.860000000000000000e+02
1.589402746914468050e+09 8.870000000000000000e+02
1.589402746969120979e+09 8.880000000000000000e+02
1.589402747027057886e+09 8.890000000000000000e+02
1.589402747087177992e+09 8.900000000000000000e+02
1.589402747155137062e+09 8.910000000000000000e+02
1.589402747226342916e+09 8.920000000000000000e+02
1.589402747297199011e+09 8.930000000000000000e+02
1.589402747360783815e+09 8.940000000000000000e+02
1.589402747422961950e+09 8.950000000000000000e+02
1.589402747486638069e+09 8.960000000000000000e+02
1.589402747550298929e+09 8.970000000000000000e+02
1.589402747605265856e+09 8.980000000000000000e+02
1.589402747662442923e+09 8.990000000000000000e+02
1.589402747720816135e+09 9.000000000000000000e+02
1.589402747793521881e+09 9.010000000000000000e+02
1.589402747859921932e+09 9.020000000000000000e+02
1.589402747935429096e+09 9.030000000000000000e+02
1.589402748026176929e+09 9.040000000000000000e+02
1.589402748108402014e+09 9.050000000000000000e+02
1.589402748176021099e+09 9.060000000000000000e+02
1.589402748236469984e+09 9.070000000000000000e+02
1.589402748298491955e+09 9.080000000000000000e+02
1.589402748358682871e+09 9.090000000000000000e+02
1.589402748411437035e+09 9.100000000000000000e+02
1.589402748476609945e+09 9.110000000000000000e+02
1.589402748536816835e+09 9.120000000000000000e+02
1.589402748606997967e+09 9.130000000000000000e+02
1.589402748680691004e+09 9.140000000000000000e+02
1.589402748758202076e+09 9.150000000000000000e+02
1.589402748835717201e+09 9.160000000000000000e+02
1.589402748913735867e+09 9.170000000000000000e+02
1.589402748995733976e+09 9.180000000000000000e+02
1.589402749049342871e+09 9.190000000000000000e+02
1.589402749111795902e+09 9.200000000000000000e+02
1.589402749172456026e+09 9.210000000000000000e+02
1.589402749226628065e+09 9.220000000000000000e+02
1.589402749287934065e+09 9.230000000000000000e+02
1.589402749346612930e+09 9.240000000000000000e+02
1.589402749410187960e+09 9.250000000000000000e+02
1.589402749469508171e+09 9.260000000000000000e+02
1.589402749532056093e+09 9.270000000000000000e+02
1.589402749586709023e+09 9.280000000000000000e+02
1.589402749655668974e+09 9.290000000000000000e+02
1.589402749731405020e+09 9.300000000000000000e+02
1.589402749798595190e+09 9.310000000000000000e+02
1.589402749867555141e+09 9.320000000000000000e+02
1.589402749928647995e+09 9.330000000000000000e+02
1.589402749998288870e+09 9.340000000000000000e+02
1.589402750057696104e+09 9.350000000000000000e+02
1.589402750111814976e+09 9.360000000000000000e+02
1.589402750174272060e+09 9.370000000000000000e+02
1.589402750230896950e+09 9.380000000000000000e+02
1.589402750291324854e+09 9.390000000000000000e+02
1.589402750344696045e+09 9.400000000000000000e+02
1.589402750404416084e+09 9.410000000000000000e+02
1.589402750464245081e+09 9.420000000000000000e+02
1.589402750521797180e+09 9.430000000000000000e+02
1.589402750581840992e+09 9.440000000000000000e+02
1.589402750640625954e+09 9.450000000000000000e+02
1.589402750700138092e+09 9.460000000000000000e+02
1.589402750762118816e+09 9.470000000000000000e+02
1.589402750821867943e+09 9.480000000000000000e+02
1.589402750893335104e+09 9.490000000000000000e+02
1.589402750947077036e+09 9.500000000000000000e+02
1.589402751012250185e+09 9.510000000000000000e+02
1.589402751097133160e+09 9.520000000000000000e+02
1.589402751171689034e+09 9.530000000000000000e+02
1.589402751237888098e+09 9.540000000000000000e+02
1.589402751300460100e+09 9.550000000000000000e+02
1.589402751363343000e+09 9.560000000000000000e+02
1.589402751420410872e+09 9.570000000000000000e+02
1.589402751479034185e+09 9.580000000000000000e+02
1.589402751538378000e+09 9.590000000000000000e+02
1.589402751592015028e+09 9.600000000000000000e+02
1.589402751653338194e+09 9.610000000000000000e+02
1.589402751709779024e+09 9.620000000000000000e+02
1.589402751771909237e+09 9.630000000000000000e+02
1.589402751829473019e+09 9.640000000000000000e+02
1.589402751887174845e+09 9.650000000000000000e+02
1.589402751947146893e+09 9.660000000000000000e+02
1.589402752006464005e+09 9.670000000000000000e+02
1.589402752068493128e+09 9.680000000000000000e+02
1.589402752128521919e+09 9.690000000000000000e+02
1.589402752189692974e+09 9.700000000000000000e+02
1.589402752249507189e+09 9.710000000000000000e+02
1.589402752304560900e+09 9.720000000000000000e+02
1.589402752360425949e+09 9.730000000000000000e+02
1.589402752422792912e+09 9.740000000000000000e+02
1.589402752481041908e+09 9.750000000000000000e+02
1.589402752542881012e+09 9.760000000000000000e+02
1.589402752602804899e+09 9.770000000000000000e+02
1.589402752667704105e+09 9.780000000000000000e+02
1.589402752728162050e+09 9.790000000000000000e+02
1.589402752786123037e+09 9.800000000000000000e+02
1.589402752845196009e+09 9.810000000000000000e+02
1.589402752909110069e+09 9.820000000000000000e+02
1.589402752996881962e+09 9.830000000000000000e+02
1.589402753068146944e+09 9.840000000000000000e+02
1.589402753129721165e+09 9.850000000000000000e+02
1.589402753199767113e+09 9.860000000000000000e+02
1.589402753264798880e+09 9.870000000000000000e+02
1.589402753344403028e+09 9.880000000000000000e+02
1.589402753427825928e+09 9.890000000000000000e+02
1.589402753490439892e+09 9.900000000000000000e+02
1.589402753551184893e+09 9.910000000000000000e+02
1.589402753613309860e+09 9.920000000000000000e+02
1.589402753680507898e+09 9.930000000000000000e+02
1.589402753761270046e+09 9.940000000000000000e+02
1.589402753831215143e+09 9.950000000000000000e+02
1.589402753899194956e+09 9.960000000000000000e+02
1.589402753968200922e+09 9.970000000000000000e+02
1.589402754035597086e+09 9.980000000000000000e+02
1.589402754104941130e+09 9.990000000000000000e+02
1.589402754244805098e+09 1.000000000000000000e+03
1.589402754308442831e+09 1.001000000000000000e+03
1.589402754372037172e+09 1.002000000000000000e+03
1.589402754435240030e+09 1.003000000000000000e+03
1.589402754500246048e+09 1.004000000000000000e+03
1.589402754563150167e+09 1.005000000000000000e+03
1.589402754618577003e+09 1.006000000000000000e+03
1.589402754685622931e+09 1.007000000000000000e+03
1.589402754748761177e+09 1.008000000000000000e+03
1.589402754803928137e+09 1.009000000000000000e+03
1.589402754865486145e+09 1.010000000000000000e+03
1.589402754926344872e+09 1.011000000000000000e+03
1.589402754984083891e+09 1.012000000000000000e+03
1.589402755047764063e+09 1.013000000000000000e+03
1.589402755110761881e+09 1.014000000000000000e+03
1.589402755172624826e+09 1.015000000000000000e+03
1.589402755227258205e+09 1.016000000000000000e+03
1.589402755290910006e+09 1.017000000000000000e+03
1.589402755348100185e+09 1.018000000000000000e+03
1.589402755435817003e+09 1.019000000000000000e+03
1.589402755501978159e+09 1.020000000000000000e+03
1.589402755586576939e+09 1.021000000000000000e+03
1.589402755645416021e+09 1.022000000000000000e+03
1.589402755723711014e+09 1.023000000000000000e+03
1.589402755784596920e+09 1.024000000000000000e+03
1.589402755850317001e+09 1.025000000000000000e+03
1.589402755918889999e+09 1.026000000000000000e+03
1.589402755977466822e+09 1.027000000000000000e+03
1.589402756045686007e+09 1.028000000000000000e+03
1.589402756103410006e+09 1.029000000000000000e+03
1.589402756167237043e+09 1.030000000000000000e+03
1.589402756224677801e+09 1.031000000000000000e+03
1.589402756290539980e+09 1.032000000000000000e+03
1.589402756341049194e+09 1.033000000000000000e+03
1.589402756410607100e+09 1.034000000000000000e+03
1.589402756489531994e+09 1.035000000000000000e+03
1.589402756556910992e+09 1.036000000000000000e+03
1.589402756632649899e+09 1.037000000000000000e+03
1.589402756689387083e+09 1.038000000000000000e+03
1.589402756750495911e+09 1.039000000000000000e+03
1.589402756806224823e+09 1.040000000000000000e+03
1.589402756863057852e+09 1.041000000000000000e+03
1.589402756925663948e+09 1.042000000000000000e+03
1.589402756983386993e+09 1.043000000000000000e+03
1.589402757040215969e+09 1.044000000000000000e+03
1.589402757100922823e+09 1.045000000000000000e+03
1.589402757162543058e+09 1.046000000000000000e+03
1.589402757233319998e+09 1.047000000000000000e+03
1.589402757298063040e+09 1.048000000000000000e+03
1.589402757360915899e+09 1.049000000000000000e+03
1.589402757421993017e+09 1.050000000000000000e+03
1.589402757482489109e+09 1.051000000000000000e+03
1.589402757539255142e+09 1.052000000000000000e+03
1.589402757596017838e+09 1.053000000000000000e+03
1.589402757657943964e+09 1.054000000000000000e+03
1.589402757716304779e+09 1.055000000000000000e+03
1.589402757771108150e+09 1.056000000000000000e+03
1.589402757831155062e+09 1.057000000000000000e+03
1.589402757891882896e+09 1.058000000000000000e+03
1.589402757958657980e+09 1.059000000000000000e+03
1.589402758026106834e+09 1.060000000000000000e+03
1.589402758085883856e+09 1.061000000000000000e+03
1.589402758141658783e+09 1.062000000000000000e+03
1.589402758194418907e+09 1.063000000000000000e+03
1.589402758250071049e+09 1.064000000000000000e+03
1.589402758307730913e+09 1.065000000000000000e+03
1.589402758368646860e+09 1.066000000000000000e+03
1.589402758433011055e+09 1.067000000000000000e+03
1.589402758494592905e+09 1.068000000000000000e+03
1.589402758554468155e+09 1.069000000000000000e+03
1.589402758610164881e+09 1.070000000000000000e+03
1.589402758670362949e+09 1.071000000000000000e+03
1.589402758729158878e+09 1.072000000000000000e+03
1.589402758799124002e+09 1.073000000000000000e+03
1.589402758870576143e+09 1.074000000000000000e+03
1.589402758951480150e+09 1.075000000000000000e+03
1.589402759018174887e+09 1.076000000000000000e+03
1.589402759073565960e+09 1.077000000000000000e+03
1.589402759133493900e+09 1.078000000000000000e+03
1.589402759194712162e+09 1.079000000000000000e+03
1.589402759254319191e+09 1.080000000000000000e+03
1.589402759314253092e+09 1.081000000000000000e+03
1.589402759368016958e+09 1.082000000000000000e+03
1.589402759427263975e+09 1.083000000000000000e+03
1.589402759487241983e+09 1.084000000000000000e+03
1.589402759538266897e+09 1.085000000000000000e+03
1.589402759597735882e+09 1.086000000000000000e+03
1.589402759658307076e+09 1.087000000000000000e+03
1.589402759721770048e+09 1.088000000000000000e+03
1.589402759790868044e+09 1.089000000000000000e+03
1.589402759853505135e+09 1.090000000000000000e+03
1.589402759919353008e+09 1.091000000000000000e+03
1.589402759980736017e+09 1.092000000000000000e+03
1.589402760050982952e+09 1.093000000000000000e+03
1.589402760124536991e+09 1.094000000000000000e+03
1.589402760191596031e+09 1.095000000000000000e+03
1.589402760255954981e+09 1.096000000000000000e+03
1.589402760339365005e+09 1.097000000000000000e+03
1.589402760435457945e+09 1.098000000000000000e+03
1.589402760562246799e+09 1.099000000000000000e+03
1.589402760633311033e+09 1.100000000000000000e+03
1.589402760701626062e+09 1.101000000000000000e+03
1.589402760763175964e+09 1.102000000000000000e+03
1.589402760838376045e+09 1.103000000000000000e+03
1.589402760915797949e+09 1.104000000000000000e+03
1.589402760990505934e+09 1.105000000000000000e+03
1.589402761064785957e+09 1.106000000000000000e+03
1.589402761130769968e+09 1.107000000000000000e+03
1.589402761195747137e+09 1.108000000000000000e+03
1.589402761253873825e+09 1.109000000000000000e+03
1.589402761312407970e+09 1.110000000000000000e+03
1.589402761373882771e+09 1.111000000000000000e+03
1.589402761430605173e+09 1.112000000000000000e+03
1.589402761493210077e+09 1.113000000000000000e+03
1.589402761559762001e+09 1.114000000000000000e+03
1.589402761634064913e+09 1.115000000000000000e+03
1.589402761690926075e+09 1.116000000000000000e+03
1.589402761753776789e+09 1.117000000000000000e+03
1.589402761821721077e+09 1.118000000000000000e+03
1.589402761878838062e+09 1.119000000000000000e+03
1.589402761940296888e+09 1.120000000000000000e+03
1.589402762001328945e+09 1.121000000000000000e+03
1.589402762060546160e+09 1.122000000000000000e+03
1.589402762120452166e+09 1.123000000000000000e+03
1.589402762177927971e+09 1.124000000000000000e+03
1.589402762247425079e+09 1.125000000000000000e+03
1.589402762309552193e+09 1.126000000000000000e+03
1.589402762366671801e+09 1.127000000000000000e+03
1.589402762423919201e+09 1.128000000000000000e+03
1.589402762484399080e+09 1.129000000000000000e+03
1.589402762547349930e+09 1.130000000000000000e+03
1.589402762606904030e+09 1.131000000000000000e+03
1.589402762670779943e+09 1.132000000000000000e+03
1.589402762732005119e+09 1.133000000000000000e+03
1.589402762787535191e+09 1.134000000000000000e+03
1.589402762851871967e+09 1.135000000000000000e+03
1.589402762910943031e+09 1.136000000000000000e+03
1.589402762972616911e+09 1.137000000000000000e+03
1.589402763032076120e+09 1.138000000000000000e+03
1.589402763089990854e+09 1.139000000000000000e+03
1.589402763152076960e+09 1.140000000000000000e+03
1.589402763237163067e+09 1.141000000000000000e+03
1.589402763307448149e+09 1.142000000000000000e+03
1.589402763365373850e+09 1.143000000000000000e+03
1.589402763424987793e+09 1.144000000000000000e+03
1.589402763483825922e+09 1.145000000000000000e+03
1.589402763543121815e+09 1.146000000000000000e+03
1.589402763602422953e+09 1.147000000000000000e+03
1.589402763660109997e+09 1.148000000000000000e+03
1.589402763726119995e+09 1.149000000000000000e+03
1.589402763781066895e+09 1.150000000000000000e+03
1.589402763846522808e+09 1.151000000000000000e+03
1.589402763899311066e+09 1.152000000000000000e+03
1.589402763956104040e+09 1.153000000000000000e+03
1.589402764030781031e+09 1.154000000000000000e+03
1.589402764099022150e+09 1.155000000000000000e+03
1.589402764168252945e+09 1.156000000000000000e+03
1.589402764224857092e+09 1.157000000000000000e+03
1.589402764282182932e+09 1.158000000000000000e+03
1.589402764342344046e+09 1.159000000000000000e+03
1.589402764395216942e+09 1.160000000000000000e+03
1.589402764455685139e+09 1.161000000000000000e+03
1.589402764514111042e+09 1.162000000000000000e+03
1.589402764578255892e+09 1.163000000000000000e+03
1.589402764646774054e+09 1.164000000000000000e+03
1.589402764710551023e+09 1.165000000000000000e+03
1.589402764774475098e+09 1.166000000000000000e+03
1.589402764840173006e+09 1.167000000000000000e+03
1.589402764916540861e+09 1.168000000000000000e+03
1.589402764986706972e+09 1.169000000000000000e+03
1.589402765051264048e+09 1.170000000000000000e+03
1.589402765115668058e+09 1.171000000000000000e+03
1.589402765175557137e+09 1.172000000000000000e+03
1.589402765243407965e+09 1.173000000000000000e+03
1.589402765305112123e+09 1.174000000000000000e+03
1.589402765368707180e+09 1.175000000000000000e+03
1.589402765423707962e+09 1.176000000000000000e+03
1.589402765484425068e+09 1.177000000000000000e+03
1.589402765543926001e+09 1.178000000000000000e+03
1.589402765603511095e+09 1.179000000000000000e+03
1.589402765674644947e+09 1.180000000000000000e+03
1.589402765753880978e+09 1.181000000000000000e+03
1.589402765816474915e+09 1.182000000000000000e+03
1.589402765874210119e+09 1.183000000000000000e+03
1.589402765928287983e+09 1.184000000000000000e+03
1.589402765991827011e+09 1.185000000000000000e+03
1.589402766054584026e+09 1.186000000000000000e+03
1.589402766111285925e+09 1.187000000000000000e+03
1.589402766167608023e+09 1.188000000000000000e+03
1.589402766233543873e+09 1.189000000000000000e+03
1.589402766295270920e+09 1.190000000000000000e+03
1.589402766350950956e+09 1.191000000000000000e+03
1.589402766423903942e+09 1.192000000000000000e+03
1.589402766482584000e+09 1.193000000000000000e+03
1.589402766544898033e+09 1.194000000000000000e+03
1.589402766603696108e+09 1.195000000000000000e+03
1.589402766677096844e+09 1.196000000000000000e+03
1.589402766742110968e+09 1.197000000000000000e+03
1.589402766810378075e+09 1.198000000000000000e+03
1.589402766877918959e+09 1.199000000000000000e+03
1.589402766994861126e+09 1.200000000000000000e+03
1.589402767053594112e+09 1.201000000000000000e+03
1.589402767116464853e+09 1.202000000000000000e+03
1.589402767188005924e+09 1.203000000000000000e+03
1.589402767249977112e+09 1.204000000000000000e+03
1.589402767309104919e+09 1.205000000000000000e+03
1.589402767366567850e+09 1.206000000000000000e+03
1.589402767434311867e+09 1.207000000000000000e+03
1.589402767499257088e+09 1.208000000000000000e+03
1.589402767552590132e+09 1.209000000000000000e+03
1.589402767624237061e+09 1.210000000000000000e+03
1.589402767693418026e+09 1.211000000000000000e+03
1.589402767752021074e+09 1.212000000000000000e+03
1.589402767814030170e+09 1.213000000000000000e+03
1.589402767874607086e+09 1.214000000000000000e+03
1.589402767946507931e+09 1.215000000000000000e+03
1.589402768016854048e+09 1.216000000000000000e+03
1.589402768095079899e+09 1.217000000000000000e+03
1.589402768174343824e+09 1.218000000000000000e+03
1.589402768248592854e+09 1.219000000000000000e+03
1.589402768309473038e+09 1.220000000000000000e+03
1.589402768374403000e+09 1.221000000000000000e+03
1.589402768443983793e+09 1.222000000000000000e+03
1.589402768521875858e+09 1.223000000000000000e+03
1.589402768583782911e+09 1.224000000000000000e+03
1.589402768639869928e+09 1.225000000000000000e+03
1.589402768702975988e+09 1.226000000000000000e+03
1.589402768757986069e+09 1.227000000000000000e+03
1.589402768830243111e+09 1.228000000000000000e+03
1.589402768896762133e+09 1.229000000000000000e+03
1.589402768971785069e+09 1.230000000000000000e+03
1.589402769025846958e+09 1.231000000000000000e+03
1.589402769086421013e+09 1.232000000000000000e+03
1.589402769143910885e+09 1.233000000000000000e+03
1.589402769203106165e+09 1.234000000000000000e+03
1.589402769280993938e+09 1.235000000000000000e+03
1.589402769342189074e+09 1.236000000000000000e+03
1.589402769421982050e+09 1.237000000000000000e+03
1.589402769484500885e+09 1.238000000000000000e+03
1.589402769547167063e+09 1.239000000000000000e+03
1.589402769615461111e+09 1.240000000000000000e+03
1.589402769670647144e+09 1.241000000000000000e+03
1.589402769753226042e+09 1.242000000000000000e+03
1.589402769824272871e+09 1.243000000000000000e+03
1.589402769885071754e+09 1.244000000000000000e+03
1.589402769939574957e+09 1.245000000000000000e+03
1.589402770016048193e+09 1.246000000000000000e+03
1.589402770085741997e+09 1.247000000000000000e+03
1.589402770158843994e+09 1.248000000000000000e+03
1.589402770224488974e+09 1.249000000000000000e+03
1.589402770293930054e+09 1.250000000000000000e+03
1.589402770360418081e+09 1.251000000000000000e+03
1.589402770419368982e+09 1.252000000000000000e+03
1.589402770485500813e+09 1.253000000000000000e+03
1.589402770560235023e+09 1.254000000000000000e+03
1.589402770625576019e+09 1.255000000000000000e+03
1.589402770684506178e+09 1.256000000000000000e+03
1.589402770750375986e+09 1.257000000000000000e+03
1.589402770804148912e+09 1.258000000000000000e+03
1.589402770867618084e+09 1.259000000000000000e+03
1.589402770929543018e+09 1.260000000000000000e+03
1.589402770989891052e+09 1.261000000000000000e+03
1.589402771059253931e+09 1.262000000000000000e+03
1.589402771117272139e+09 1.263000000000000000e+03
1.589402771172730923e+09 1.264000000000000000e+03
1.589402771231720924e+09 1.265000000000000000e+03
1.589402771291204214e+09 1.266000000000000000e+03
1.589402771355284929e+09 1.267000000000000000e+03
1.589402771426243067e+09 1.268000000000000000e+03
1.589402771502298117e+09 1.269000000000000000e+03
1.589402771558507919e+09 1.270000000000000000e+03
1.589402771633873940e+09 1.271000000000000000e+03
1.589402771696198940e+09 1.272000000000000000e+03
1.589402771755779982e+09 1.273000000000000000e+03
1.589402771816857100e+09 1.274000000000000000e+03
1.589402771880450010e+09 1.275000000000000000e+03
1.589402771933526039e+09 1.276000000000000000e+03
1.589402771994009018e+09 1.277000000000000000e+03
1.589402772056406021e+09 1.278000000000000000e+03
1.589402772116739988e+09 1.279000000000000000e+03
1.589402772177953005e+09 1.280000000000000000e+03
1.589402772231930971e+09 1.281000000000000000e+03
1.589402772295614004e+09 1.282000000000000000e+03
1.589402772351465940e+09 1.283000000000000000e+03
1.589402772420899153e+09 1.284000000000000000e+03
1.589402772486027002e+09 1.285000000000000000e+03
1.589402772541594028e+09 1.286000000000000000e+03
1.589402772647887945e+09 1.287000000000000000e+03
1.589402772734597921e+09 1.288000000000000000e+03
1.589402772812138081e+09 1.289000000000000000e+03
1.589402772908018827e+09 1.290000000000000000e+03
1.589402772990159988e+09 1.291000000000000000e+03
1.589402773080581903e+09 1.292000000000000000e+03
1.589402773139094114e+09 1.293000000000000000e+03
1.589402773204837799e+09 1.294000000000000000e+03
1.589402773302968025e+09 1.295000000000000000e+03
1.589402773392165899e+09 1.296000000000000000e+03
1.589402773498407841e+09 1.297000000000000000e+03
1.589402773568529844e+09 1.298000000000000000e+03
1.589402773644961119e+09 1.299000000000000000e+03
1.589402773708609104e+09 1.300000000000000000e+03
1.589402773788130999e+09 1.301000000000000000e+03
1.589402773858463049e+09 1.302000000000000000e+03
1.589402773934335947e+09 1.303000000000000000e+03
1.589402774032474041e+09 1.304000000000000000e+03
1.589402774119591951e+09 1.305000000000000000e+03
1.589402774192033052e+09 1.306000000000000000e+03
1.589402774259365797e+09 1.307000000000000000e+03
1.589402774348352909e+09 1.308000000000000000e+03
1.589402774411450863e+09 1.309000000000000000e+03
1.589402774485677004e+09 1.310000000000000000e+03
1.589402774569815159e+09 1.311000000000000000e+03
1.589402774669989109e+09 1.312000000000000000e+03
1.589402774768949986e+09 1.313000000000000000e+03
1.589402774884935856e+09 1.314000000000000000e+03
1.589402774960556984e+09 1.315000000000000000e+03
1.589402775074725151e+09 1.316000000000000000e+03
1.589402775190345049e+09 1.317000000000000000e+03
1.589402775311489105e+09 1.318000000000000000e+03
1.589402775419001102e+09 1.319000000000000000e+03
1.589402775554466963e+09 1.320000000000000000e+03
1.589402775654074192e+09 1.321000000000000000e+03
1.589402775902657032e+09 1.322000000000000000e+03
1.589402776035681963e+09 1.323000000000000000e+03
1.589402776229353905e+09 1.324000000000000000e+03
1.589402776345989227e+09 1.325000000000000000e+03
1.589402776601723909e+09 1.326000000000000000e+03
1.589402777218117952e+09 1.327000000000000000e+03
1.589402777325379133e+09 1.328000000000000000e+03
1.589402777558058023e+09 1.329000000000000000e+03
1.589402777663518906e+09 1.330000000000000000e+03
1.589402777771727800e+09 1.331000000000000000e+03
1.589402777974720955e+09 1.332000000000000000e+03
1.589402778080099106e+09 1.333000000000000000e+03
1.589402778236371040e+09 1.334000000000000000e+03
1.589402778425412178e+09 1.335000000000000000e+03
1.589402778662635088e+09 1.336000000000000000e+03
1.589402778958459854e+09 1.337000000000000000e+03
