8.870048522949218750e-01
1.180930137634277344e-01
3.582692146301269531e-02
4.706478118896484375e-02
4.403400421142578125e-02
4.079508781433105469e-02
3.923892974853515625e-02
4.434704780578613281e-02
4.307603836059570312e-02
3.656077384948730469e-02
4.802632331848144531e-02
4.118990898132324219e-02
4.054999351501464844e-02
4.415106773376464844e-02
5.519485473632812500e-02
4.177498817443847656e-02
4.096388816833496094e-02
4.749107360839843750e-02
3.928995132446289062e-02
4.290270805358886719e-02
4.329276084899902344e-02
4.123115539550781250e-02
4.597973823547363281e-02
3.896498680114746094e-02
4.502105712890625000e-02
4.201316833496093750e-02
3.907918930053710938e-02
4.592514038085937500e-02
3.913807868957519531e-02
4.194569587707519531e-02
3.710794448852539062e-02
4.244709014892578125e-02
4.181194305419921875e-02
4.008078575134277344e-02
4.186201095581054688e-02
4.158306121826171875e-02
3.951001167297363281e-02
4.655003547668457031e-02
4.138278961181640625e-02
3.864908218383789062e-02
4.117298126220703125e-02
3.710293769836425781e-02
4.334902763366699219e-02
3.787493705749511719e-02
4.394030570983886719e-02
4.030919075012207031e-02
3.914594650268554688e-02
3.883004188537597656e-02
3.859996795654296875e-02
4.425120353698730469e-02
4.106211662292480469e-02
3.768801689147949219e-02
4.007291793823242188e-02
4.411959648132324219e-02
3.897881507873535156e-02
4.028081893920898438e-02
3.800797462463378906e-02
3.905987739562988281e-02
3.894686698913574219e-02
3.529500961303710938e-02
3.774094581604003906e-02
4.179811477661132812e-02
3.652095794677734375e-02
4.102468490600585938e-02
4.188394546508789062e-02
4.076910018920898438e-02
4.324102401733398438e-02
4.309105873107910156e-02
4.328012466430664062e-02
4.086399078369140625e-02
4.099893569946289062e-02
4.387593269348144531e-02
3.987193107604980469e-02
4.425406455993652344e-02
3.966617584228515625e-02
5.229496955871582031e-02
3.785514831542968750e-02
4.176902770996093750e-02
4.059386253356933594e-02
4.265403747558593750e-02
4.036402702331542969e-02
4.319906234741210938e-02
4.319214820861816406e-02
3.963112831115722656e-02
4.066610336303710938e-02
4.296803474426269531e-02
4.204392433166503906e-02
4.150605201721191406e-02
4.369807243347167969e-02
6.198716163635253906e-02
4.637002944946289062e-02
4.207468032836914062e-02
4.451298713684082031e-02
4.228806495666503906e-02
4.230308532714843750e-02
4.292702674865722656e-02
5.357789993286132812e-02
5.391883850097656250e-02
6.425905227661132812e-02
6.003403663635253906e-02
9.793782234191894531e-02
7.519388198852539062e-02
9.356093406677246094e-02
5.648279190063476562e-02
5.474185943603515625e-02
3.980493545532226562e-02
4.122900962829589844e-02
4.033303260803222656e-02
4.564499855041503906e-02
4.104804992675781250e-02
5.178070068359375000e-02
6.471586227416992188e-02
5.301904678344726562e-02
5.407786369323730469e-02
5.275702476501464844e-02
4.286313056945800781e-02
4.843401908874511719e-02
4.931712150573730469e-02
5.694198608398437500e-02
5.661082267761230469e-02
6.082892417907714844e-02
5.478906631469726562e-02
5.803608894348144531e-02
4.982399940490722656e-02
5.495309829711914062e-02
6.472897529602050781e-02
7.078099250793457031e-02
6.697130203247070312e-02
6.187391281127929688e-02
5.036187171936035156e-02
4.588317871093750000e-02
4.784417152404785156e-02
5.452680587768554688e-02
5.867600440979003906e-02
7.435798645019531250e-02
5.740594863891601562e-02
4.515004158020019531e-02
4.923629760742187500e-02
4.868507385253906250e-02
4.579186439514160156e-02
4.745101928710937500e-02
4.758119583129882812e-02
4.585194587707519531e-02
4.242205619812011719e-02
5.742835998535156250e-02
6.309413909912109375e-02
5.071902275085449219e-02
5.516481399536132812e-02
5.459904670715332031e-02
5.217885971069335938e-02
5.702996253967285156e-02
5.300402641296386719e-02
6.011891365051269531e-02
6.353998184204101562e-02
5.625581741333007812e-02
4.766535758972167969e-02
4.596018791198730469e-02
4.369616508483886719e-02
5.019426345825195312e-02
5.017805099487304688e-02
4.329609870910644531e-02
5.474996566772460938e-02
4.415583610534667969e-02
4.524898529052734375e-02
5.088400840759277344e-02
4.433631896972656250e-02
4.508590698242187500e-02
5.245304107666015625e-02
5.213093757629394531e-02
5.369091033935546875e-02
4.850983619689941406e-02
4.560017585754394531e-02
4.424285888671875000e-02
5.241084098815917969e-02
4.578161239624023438e-02
4.777622222900390625e-02
5.419206619262695312e-02
5.158114433288574219e-02
6.110477447509765625e-02
6.333637237548828125e-02
4.896593093872070312e-02
5.077099800109863281e-02
4.918813705444335938e-02
4.776191711425781250e-02
4.833579063415527344e-02
5.056095123291015625e-02
4.619407653808593750e-02
4.271721839904785156e-02
4.872226715087890625e-02
5.674290657043457031e-02
5.186271667480468750e-02
5.045413970947265625e-02
4.681396484375000000e-02
4.027581214904785156e-02
4.856181144714355469e-02
4.023194313049316406e-02
4.507589340209960938e-02
4.241919517517089844e-02
5.348515510559082031e-02
7.001113891601562500e-02
6.237506866455078125e-02
6.270599365234375000e-02
6.217122077941894531e-02
5.699586868286132812e-02
5.210685729980468750e-02
5.204391479492187500e-02
4.618382453918457031e-02
4.711103439331054688e-02
5.035400390625000000e-02
4.874897003173828125e-02
4.537606239318847656e-02
5.506110191345214844e-02
4.812312126159667969e-02
4.595613479614257812e-02
5.241179466247558594e-02
4.440116882324218750e-02
4.739785194396972656e-02
5.558609962463378906e-02
4.444694519042968750e-02
4.638695716857910156e-02
5.298185348510742188e-02
4.599785804748535156e-02
6.486511230468750000e-02
5.984020233154296875e-02
4.994034767150878906e-02
5.335927009582519531e-02
5.390501022338867188e-02
5.978202819824218750e-02
5.726575851440429688e-02
4.831314086914062500e-02
5.639195442199707031e-02
7.274007797241210938e-02
9.110474586486816406e-02
6.507706642150878906e-02
5.959725379943847656e-02
6.605410575866699219e-02
6.634283065795898438e-02
4.715013504028320312e-02
5.676388740539550781e-02
5.454897880554199219e-02
5.535793304443359375e-02
5.498099327087402344e-02
4.618287086486816406e-02
5.087733268737792969e-02
6.770992279052734375e-02
6.352186203002929688e-02
5.997490882873535156e-02
4.976606369018554688e-02
5.038189888000488281e-02
4.491806030273437500e-02
4.606008529663085938e-02
4.826021194458007812e-02
4.439711570739746094e-02
4.386568069458007812e-02
4.267811775207519531e-02
4.834508895874023438e-02
4.502701759338378906e-02
4.278707504272460938e-02
4.938983917236328125e-02
4.237890243530273438e-02
4.749393463134765625e-02
4.296875000000000000e-02
7.565307617187500000e-02
5.365800857543945312e-02
6.210827827453613281e-02
7.981204986572265625e-02
9.902095794677734375e-02
8.630609512329101562e-02
1.036958694458007812e-01
6.796503067016601562e-02
6.569385528564453125e-02
6.948876380920410156e-02
7.456898689270019531e-02
7.735776901245117188e-02
5.014491081237792969e-02
4.895496368408203125e-02
5.106115341186523438e-02
5.816078186035156250e-02
5.001425743103027344e-02
5.480027198791503906e-02
5.661702156066894531e-02
5.687618255615234375e-02
5.683803558349609375e-02
6.207895278930664062e-02
5.433583259582519531e-02
6.529474258422851562e-02
9.450173377990722656e-02
8.401894569396972656e-02
9.391212463378906250e-02
6.453990936279296875e-02
5.494213104248046875e-02
5.839514732360839844e-02
7.047796249389648438e-02
5.668210983276367188e-02
7.108712196350097656e-02
5.880928039550781250e-02
6.095123291015625000e-02
5.443406105041503906e-02
7.881569862365722656e-02
1.092860698699951172e-01
6.468582153320312500e-02
1.123838424682617188e-01
7.744097709655761719e-02
5.818223953247070312e-02
9.921002388000488281e-02
7.150888442993164062e-02
1.029660701751708984e-01
9.335517883300781250e-02
8.106231689453125000e-02
8.291292190551757812e-02
5.763578414916992188e-02
5.945777893066406250e-02
7.425785064697265625e-02
5.857896804809570312e-02
6.841111183166503906e-02
1.046540737152099609e-01
6.599283218383789062e-02
6.510090827941894531e-02
7.148098945617675781e-02
8.225893974304199219e-02
7.389712333679199219e-02
8.346509933471679688e-02
7.673311233520507812e-02
5.751919746398925781e-02
5.276703834533691406e-02
5.175232887268066406e-02
4.817891120910644531e-02
5.623793601989746094e-02
6.296300888061523438e-02
7.966828346252441406e-02
1.081190109252929688e-01
6.395101547241210938e-02
6.654715538024902344e-02
5.636310577392578125e-02
5.229401588439941406e-02
6.311011314392089844e-02
7.863402366638183594e-02
5.160069465637207031e-02
6.416893005371093750e-02
6.654691696166992188e-02
1.368932723999023438e-01
1.343560218811035156e-01
1.088972091674804688e-01
1.560242176055908203e-01
1.000709533691406250e-01
7.565093040466308594e-02
6.584811210632324219e-02
7.747101783752441406e-02
7.552385330200195312e-02
7.438898086547851562e-02
1.126363277435302734e-01
8.936405181884765625e-02
8.358001708984375000e-02
1.024870872497558594e-01
5.414390563964843750e-02
6.351494789123535156e-02
6.919288635253906250e-02
1.024401187896728516e-01
6.169509887695312500e-02
5.624103546142578125e-02
6.325316429138183594e-02
7.476806640625000000e-02
7.943701744079589844e-02
6.885910034179687500e-02
7.844018936157226562e-02
6.526708602905273438e-02
7.253193855285644531e-02
7.542991638183593750e-02
7.431411743164062500e-02
6.007695198059082031e-02
6.791806221008300781e-02
5.625486373901367188e-02
6.921219825744628906e-02
6.388401985168457031e-02
6.396818161010742188e-02
6.132411956787109375e-02
9.878134727478027344e-02
5.469107627868652344e-02
4.865980148315429688e-02
5.095672607421875000e-02
6.251907348632812500e-02
5.157089233398437500e-02
6.457400321960449219e-02
5.064082145690917969e-02
5.555295944213867188e-02
5.025982856750488281e-02
4.722499847412109375e-02
5.492711067199707031e-02
7.946109771728515625e-02
5.135512351989746094e-02
6.092500686645507812e-02
6.004810333251953125e-02
4.834818840026855469e-02
5.811119079589843750e-02
5.186605453491210938e-02
5.127906799316406250e-02
5.115389823913574219e-02
4.639291763305664062e-02
4.884195327758789062e-02
5.696392059326171875e-02
4.969429969787597656e-02
4.765391349792480469e-02
5.368614196777343750e-02
7.023382186889648438e-02
6.593370437622070312e-02
7.824707031250000000e-02
6.303095817565917969e-02
6.408691406250000000e-02
5.217695236206054688e-02
5.214285850524902344e-02
5.097794532775878906e-02
4.596185684204101562e-02
5.226087570190429688e-02
4.554414749145507812e-02
4.917812347412109375e-02
5.159521102905273438e-02
4.908514022827148438e-02
5.120205879211425781e-02
5.127191543579101562e-02
4.556393623352050781e-02
4.603314399719238281e-02
5.000495910644531250e-02
4.716920852661132812e-02
4.917383193969726562e-02
5.106997489929199219e-02
4.912686347961425781e-02
4.905104637145996094e-02
4.972696304321289062e-02
4.753208160400390625e-02
4.638624191284179688e-02
5.841398239135742188e-02
4.425024986267089844e-02
7.856202125549316406e-02
6.847095489501953125e-02
5.912494659423828125e-02
5.174660682678222656e-02
5.093193054199218750e-02
6.282091140747070312e-02
5.200624465942382812e-02
5.113601684570312500e-02
7.246994972229003906e-02
6.135320663452148438e-02
5.065608024597167969e-02
7.004380226135253906e-02
5.823016166687011719e-02
5.849909782409667969e-02
5.230808258056640625e-02
4.933977127075195312e-02
5.856418609619140625e-02
4.994106292724609375e-02
5.076003074645996094e-02
4.545307159423828125e-02
4.791879653930664062e-02
4.557728767395019531e-02
5.392289161682128906e-02
5.333876609802246094e-02
4.857611656188964844e-02
4.919409751892089844e-02
5.613994598388671875e-02
6.418585777282714844e-02
6.975793838500976562e-02
6.695413589477539062e-02
9.169578552246093750e-02
6.880497932434082031e-02
8.260202407836914062e-02
6.696105003356933594e-02
5.291175842285156250e-02
5.655574798583984375e-02
5.695891380310058594e-02
6.388020515441894531e-02
5.005383491516113281e-02
5.380487442016601562e-02
5.322694778442382812e-02
5.861520767211914062e-02
4.835915565490722656e-02
5.369400978088378906e-02
6.390500068664550781e-02
5.079889297485351562e-02
4.493308067321777344e-02
5.582880973815917969e-02
4.779124259948730469e-02
4.655170440673828125e-02
5.098605155944824219e-02
4.855012893676757812e-02
4.752087593078613281e-02
5.661892890930175781e-02
4.638004302978515625e-02
4.756307601928710938e-02
5.506801605224609375e-02
4.797172546386718750e-02
5.011296272277832031e-02
5.022096633911132812e-02
5.186462402343750000e-02
5.063676834106445312e-02
5.300188064575195312e-02
5.339312553405761719e-02
6.006407737731933594e-02
6.336712837219238281e-02
5.852508544921875000e-02
5.968499183654785156e-02
4.949188232421875000e-02
4.666495323181152344e-02
5.291485786437988281e-02
5.432796478271484375e-02
5.401611328125000000e-02
5.410718917846679688e-02
7.073783874511718750e-02
6.188893318176269531e-02
5.073595046997070312e-02
5.124902725219726562e-02
5.394196510314941406e-02
4.870080947875976562e-02
5.229520797729492188e-02
5.500388145446777344e-02
4.746508598327636719e-02
4.567718505859375000e-02
6.274700164794921875e-02
5.795407295227050781e-02
4.732108116149902344e-02
4.987621307373046875e-02
5.097818374633789062e-02
4.881000518798828125e-02
5.607914924621582031e-02
5.488181114196777344e-02
5.080080032348632812e-02
5.182504653930664062e-02
5.556511878967285156e-02
5.838012695312500000e-02
6.074500083923339844e-02
6.307482719421386719e-02
5.037283897399902344e-02
5.248403549194335938e-02
5.429983139038085938e-02
5.148601531982421875e-02
5.047297477722167969e-02
5.729985237121582031e-02
4.840016365051269531e-02
4.553794860839843750e-02
5.493187904357910156e-02
4.662609100341796875e-02
4.841279983520507812e-02
5.506777763366699219e-02
4.868078231811523438e-02
5.787587165832519531e-02
5.486106872558593750e-02
5.315780639648437500e-02
5.392217636108398438e-02
5.374383926391601562e-02
4.982995986938476562e-02
5.057787895202636719e-02
5.147385597229003906e-02
5.472779273986816406e-02
6.094479560852050781e-02
6.016683578491210938e-02
5.235099792480468750e-02
5.581688880920410156e-02
5.394792556762695312e-02
5.616879463195800781e-02
5.127096176147460938e-02
4.938697814941406250e-02
6.314301490783691406e-02
5.496335029602050781e-02
5.280470848083496094e-02
5.996680259704589844e-02
5.338072776794433594e-02
5.799913406372070312e-02
5.149912834167480469e-02
4.991888999938964844e-02
5.372118949890136719e-02
4.957723617553710938e-02
5.073881149291992188e-02
5.736613273620605469e-02
4.543900489807128906e-02
5.209398269653320312e-02
5.389809608459472656e-02
5.090880393981933594e-02
5.384802818298339844e-02
5.480980873107910156e-02
4.868793487548828125e-02
5.176782608032226562e-02
5.492019653320312500e-02
4.561090469360351562e-02
4.877305030822753906e-02
5.432415008544921875e-02
5.265998840332031250e-02
6.042003631591796875e-02
5.447602272033691406e-02
5.405282974243164062e-02
5.403494834899902344e-02
5.204391479492187500e-02
5.264830589294433594e-02
5.933022499084472656e-02
5.531692504882812500e-02
5.534505844116210938e-02
5.110192298889160156e-02
5.872726440429687500e-02
5.322098731994628906e-02
4.998278617858886719e-02
4.682207107543945312e-02
5.174899101257324219e-02
4.704093933105468750e-02
6.484508514404296875e-02
6.519699096679687500e-02
5.633878707885742188e-02
5.565786361694335938e-02
5.760478973388671875e-02
5.453896522521972656e-02
5.501198768615722656e-02
5.163073539733886719e-02
6.156992912292480469e-02
6.336402893066406250e-02
6.162285804748535156e-02
6.160593032836914062e-02
5.094790458679199219e-02
5.119609832763671875e-02
5.719995498657226562e-02
7.143187522888183594e-02
6.901001930236816406e-02
5.729389190673828125e-02
5.155205726623535156e-02
7.179093360900878906e-02
5.488729476928710938e-02
5.423402786254882812e-02
5.090999603271484375e-02
5.605030059814453125e-02
6.079792976379394531e-02
5.390691757202148438e-02
5.199098587036132812e-02
5.413818359375000000e-02
6.521511077880859375e-02
6.509304046630859375e-02
1.084489822387695312e-01
6.342387199401855469e-02
6.165194511413574219e-02
5.962705612182617188e-02
5.109810829162597656e-02
5.396294593811035156e-02
5.466890335083007812e-02
4.907917976379394531e-02
5.218625068664550781e-02
5.436992645263671875e-02
4.938793182373046875e-02
5.157685279846191406e-02
5.163383483886718750e-02
4.890227317810058594e-02
5.413007736206054688e-02
5.624175071716308594e-02
5.297398567199707031e-02
5.637407302856445312e-02
5.249905586242675781e-02
5.509805679321289062e-02
9.234619140625000000e-02
6.806230545043945312e-02
8.499121665954589844e-02
5.475115776062011719e-02
5.767178535461425781e-02
5.534958839416503906e-02
5.552482604980468750e-02
5.157303810119628906e-02
5.200791358947753906e-02
4.787826538085937500e-02
5.238509178161621094e-02
4.823803901672363281e-02
5.079412460327148438e-02
5.942082405090332031e-02
5.837726593017578125e-02
6.521916389465332031e-02
4.797792434692382812e-02
5.039119720458984375e-02
5.186295509338378906e-02
5.025196075439453125e-02
5.115795135498046875e-02
5.410099029541015625e-02
5.196094512939453125e-02
5.025100708007812500e-02
5.638504028320312500e-02
4.768896102905273438e-02
6.130003929138183594e-02
5.463290214538574219e-02
5.143427848815917969e-02
6.100797653198242188e-02
5.012106895446777344e-02
5.496907234191894531e-02
5.208301544189453125e-02
5.958509445190429688e-02
5.761194229125976562e-02
5.320620536804199219e-02
5.566501617431640625e-02
6.232309341430664062e-02
6.814503669738769531e-02
6.016778945922851562e-02
5.446720123291015625e-02
5.624008178710937500e-02
5.725526809692382812e-02
5.991911888122558594e-02
6.186199188232421875e-02
5.646181106567382812e-02
5.624866485595703125e-02
5.291819572448730469e-02
6.032490730285644531e-02
5.803298950195312500e-02
5.926918983459472656e-02
5.605292320251464844e-02
5.757522583007812500e-02
6.456589698791503906e-02
5.591893196105957031e-02
5.648279190063476562e-02
5.050110816955566406e-02
5.759501457214355469e-02
6.726980209350585938e-02
6.354117393493652344e-02
5.697989463806152344e-02
6.309103965759277344e-02
7.196998596191406250e-02
5.967807769775390625e-02
6.089663505554199219e-02
6.422400474548339844e-02
5.725598335266113281e-02
6.031107902526855469e-02
5.210804939270019531e-02
5.732822418212890625e-02
7.213115692138671875e-02
5.870008468627929688e-02
5.422806739807128906e-02
5.722975730895996094e-02
5.676007270812988281e-02
5.620217323303222656e-02
5.608797073364257812e-02
6.033110618591308594e-02
5.040907859802246094e-02
5.394077301025390625e-02
6.370925903320312500e-02
6.950521469116210938e-02
6.215500831604003906e-02
5.541181564331054688e-02
5.584001541137695312e-02
5.770683288574218750e-02
5.427718162536621094e-02
5.151510238647460938e-02
5.806279182434082031e-02
4.713582992553710938e-02
5.445289611816406250e-02
5.138492584228515625e-02
5.378103256225585938e-02
5.330371856689453125e-02
6.491184234619140625e-02
7.057404518127441406e-02
7.454109191894531250e-02
5.657505989074707031e-02
5.430412292480468750e-02
5.230784416198730469e-02
5.474805831909179688e-02
5.756998062133789062e-02
5.245614051818847656e-02
5.769586563110351562e-02
5.896377563476562500e-02
5.590295791625976562e-02
5.665802955627441406e-02
5.339193344116210938e-02
5.530405044555664062e-02
5.671405792236328125e-02
5.537796020507812500e-02
5.815219879150390625e-02
5.443406105041503906e-02
5.594396591186523438e-02
5.966925621032714844e-02
5.744695663452148438e-02
5.535101890563964844e-02
6.105685234069824219e-02
5.874180793762207031e-02
5.078196525573730469e-02
5.737805366516113281e-02
5.110025405883789062e-02
6.432986259460449219e-02
4.749178886413574219e-02
5.862498283386230469e-02
5.697798728942871094e-02
5.409097671508789062e-02
5.273175239562988281e-02
5.599284172058105469e-02
5.998015403747558594e-02
5.521178245544433594e-02
5.233788490295410156e-02
5.401706695556640625e-02
5.313110351562500000e-02
5.311703681945800781e-02
5.485701560974121094e-02
4.925203323364257812e-02
5.462694168090820312e-02
5.069422721862792969e-02
5.296492576599121094e-02
6.100893020629882812e-02
6.416177749633789062e-02
5.449700355529785156e-02
5.241489410400390625e-02
6.991481781005859375e-02
6.343007087707519531e-02
5.720496177673339844e-02
5.492520332336425781e-02
7.172203063964843750e-02
9.561705589294433594e-02
6.309008598327636719e-02
7.898092269897460938e-02
6.529498100280761719e-02
6.345796585083007812e-02
7.653808593750000000e-02
7.579302787780761719e-02
7.546114921569824219e-02
6.255793571472167969e-02
6.519412994384765625e-02
6.216192245483398438e-02
6.062889099121093750e-02
7.665205001831054688e-02
7.030010223388671875e-02
7.393479347229003906e-02
6.019496917724609375e-02
5.840015411376953125e-02
5.786204338073730469e-02
6.657886505126953125e-02
7.883906364440917969e-02
5.660176277160644531e-02
6.054973602294921875e-02
5.893707275390625000e-02
8.809876441955566406e-02
8.394122123718261719e-02
6.991481781005859375e-02
7.385492324829101562e-02
6.619787216186523438e-02
5.298280715942382812e-02
5.650591850280761719e-02
6.666421890258789062e-02
5.642485618591308594e-02
6.260991096496582031e-02
5.469989776611328125e-02
6.014084815979003906e-02
7.749605178833007812e-02
6.466889381408691406e-02
6.795692443847656250e-02
6.280303001403808594e-02
5.925226211547851562e-02
5.493927001953125000e-02
5.379986763000488281e-02
6.509304046630859375e-02
6.102490425109863281e-02
6.037211418151855469e-02
6.674408912658691406e-02
1.017320156097412109e-01
7.432985305786132812e-02
6.142210960388183594e-02
6.146407127380371094e-02
8.142304420471191406e-02
5.780386924743652344e-02
7.002687454223632812e-02
6.574583053588867188e-02
6.477069854736328125e-02
5.431485176086425781e-02
5.507683753967285156e-02
6.830811500549316406e-02
6.357812881469726562e-02
7.367086410522460938e-02
6.774187088012695312e-02
5.852699279785156250e-02
5.714678764343261719e-02
5.539917945861816406e-02
5.335783958435058594e-02
6.307196617126464844e-02
5.800795555114746094e-02
9.057712554931640625e-02
9.734606742858886719e-02
8.963513374328613281e-02
7.082176208496093750e-02
5.664682388305664062e-02
5.973815917968750000e-02
6.521511077880859375e-02
5.423307418823242188e-02
5.944085121154785156e-02
5.359721183776855469e-02
5.114173889160156250e-02
5.911612510681152344e-02
5.221724510192871094e-02
6.107425689697265625e-02
6.884694099426269531e-02
5.403399467468261719e-02
6.073689460754394531e-02
5.233716964721679688e-02
5.668807029724121094e-02
5.698013305664062500e-02
5.583500862121582031e-02
5.417799949645996094e-02
5.756807327270507812e-02
5.979204177856445312e-02
6.753373146057128906e-02
7.082414627075195312e-02
7.052087783813476562e-02
6.321692466735839844e-02
6.186008453369140625e-02
6.337213516235351562e-02
6.335401535034179688e-02
5.465197563171386719e-02
5.688405036926269531e-02
5.810475349426269531e-02
7.236886024475097656e-02
6.608486175537109375e-02
7.513618469238281250e-02
9.044504165649414062e-02
8.186078071594238281e-02
6.728100776672363281e-02
6.010508537292480469e-02
6.170392036437988281e-02
5.971598625183105469e-02
5.232524871826171875e-02
6.487393379211425781e-02
5.984568595886230469e-02
6.985211372375488281e-02
7.332992553710937500e-02
7.717990875244140625e-02
7.717776298522949219e-02
7.766103744506835938e-02
8.127903938293457031e-02
5.328416824340820312e-02
6.207704544067382812e-02
6.033992767333984375e-02
5.383992195129394531e-02
6.098794937133789062e-02
5.826616287231445312e-02
6.328606605529785156e-02
5.900979042053222656e-02
6.187295913696289062e-02
5.431222915649414062e-02
6.863903999328613281e-02
7.535004615783691406e-02
6.688284873962402344e-02
6.862616539001464844e-02
6.078696250915527344e-02
6.928205490112304688e-02
5.904102325439453125e-02
5.382394790649414062e-02
6.209707260131835938e-02
5.632281303405761719e-02
6.011390686035156250e-02
5.300283432006835938e-02
5.935406684875488281e-02
5.949592590332031250e-02
5.725884437561035156e-02
5.972504615783691406e-02
5.845403671264648438e-02
5.915594100952148438e-02
6.165981292724609375e-02
5.944609642028808594e-02
7.073998451232910156e-02
5.340814590454101562e-02
6.468582153320312500e-02
8.457517623901367188e-02
7.278585433959960938e-02
6.585025787353515625e-02
6.225991249084472656e-02
6.259489059448242188e-02
5.679488182067871094e-02
5.830311775207519531e-02
5.901432037353515625e-02
5.333781242370605469e-02
6.102395057678222656e-02
5.595016479492187500e-02
6.183981895446777344e-02
5.723524093627929688e-02
5.738091468811035156e-02
5.965685844421386719e-02
5.899596214294433594e-02
6.130909919738769531e-02
5.969405174255371094e-02
6.078696250915527344e-02
5.952095985412597656e-02
5.465865135192871094e-02
5.552005767822265625e-02
6.201505661010742188e-02
5.794787406921386719e-02
6.154227256774902344e-02
5.954718589782714844e-02
6.459307670593261719e-02
6.010818481445312500e-02
5.768918991088867188e-02
5.872511863708496094e-02
6.349515914916992188e-02
8.728981018066406250e-02
7.050704956054687500e-02
6.119680404663085938e-02
6.968498229980468750e-02
6.471419334411621094e-02
7.926917076110839844e-02
8.258509635925292969e-02
6.094193458557128906e-02
6.044411659240722656e-02
6.179404258728027344e-02
6.689572334289550781e-02
8.040380477905273438e-02
6.965088844299316406e-02
6.751179695129394531e-02
6.861591339111328125e-02
6.705904006958007812e-02
6.860113143920898438e-02
1.324179172515869141e-01
6.330490112304687500e-02
6.296706199645996094e-02
6.287407875061035156e-02
6.470489501953125000e-02
6.232571601867675781e-02
5.506205558776855469e-02
6.670403480529785156e-02
6.281185150146484375e-02
5.486989021301269531e-02
6.116890907287597656e-02
6.055998802185058594e-02
5.736303329467773438e-02
6.335210800170898438e-02
6.269216537475585938e-02
6.154298782348632812e-02
5.432486534118652344e-02
6.326913833618164062e-02
5.688500404357910156e-02
8.737087249755859375e-02
6.583714485168457031e-02
8.358597755432128906e-02
5.850386619567871094e-02
7.795977592468261719e-02
6.056189537048339844e-02
6.540513038635253906e-02
6.822109222412109375e-02
5.823588371276855469e-02
6.789517402648925781e-02
5.732393264770507812e-02
6.349086761474609375e-02
5.707287788391113281e-02
6.555199623107910156e-02
5.019593238830566406e-02
6.923985481262207031e-02
7.859516143798828125e-02
6.706881523132324219e-02
7.537317276000976562e-02
5.640912055969238281e-02
6.080889701843261719e-02
5.536699295043945312e-02
5.650401115417480469e-02
6.228613853454589844e-02
5.739092826843261719e-02
5.650615692138671875e-02
6.039595603942871094e-02
6.128907203674316406e-02
7.043719291687011719e-02
6.439876556396484375e-02
6.251287460327148438e-02
6.074595451354980469e-02
6.013894081115722656e-02
5.645799636840820312e-02
5.646276473999023438e-02
6.161093711853027344e-02
5.801391601562500000e-02
5.450201034545898438e-02
5.971097946166992188e-02
6.041693687438964844e-02
6.644415855407714844e-02
6.692576408386230469e-02
5.944705009460449219e-02
5.544495582580566406e-02
5.242609977722167969e-02
5.534911155700683594e-02
5.735015869140625000e-02
6.061792373657226562e-02
6.407499313354492188e-02
6.125402450561523438e-02
5.955576896667480469e-02
5.540800094604492188e-02
5.987310409545898438e-02
5.849003791809082031e-02
6.964969635009765625e-02
7.115268707275390625e-02
8.054399490356445312e-02
6.550097465515136719e-02
5.509400367736816406e-02
5.961799621582031250e-02
6.087207794189453125e-02
5.912423133850097656e-02
5.959582328796386719e-02
5.344295501708984375e-02
5.893921852111816406e-02
5.947709083557128906e-02
5.070495605468750000e-02
5.913305282592773438e-02
6.006717681884765625e-02
6.317281723022460938e-02
6.877493858337402344e-02
6.231713294982910156e-02
6.548690795898437500e-02
6.102919578552246094e-02
6.989502906799316406e-02
7.321190834045410156e-02
6.671214103698730469e-02
6.403613090515136719e-02
8.310389518737792969e-02
9.570097923278808594e-02
9.652614593505859375e-02
7.062196731567382812e-02
6.800699234008789062e-02
6.120204925537109375e-02
7.479405403137207031e-02
7.700395584106445312e-02
7.410621643066406250e-02
7.394671440124511719e-02
6.568598747253417969e-02
6.466126441955566406e-02
5.780601501464843750e-02
5.822205543518066406e-02
6.113481521606445312e-02
5.638694763183593750e-02
6.228399276733398438e-02
6.622195243835449219e-02
7.387614250183105469e-02
5.651831626892089844e-02
6.255197525024414062e-02
6.761884689331054688e-02
5.681300163269042969e-02
6.112980842590332031e-02
6.072592735290527344e-02
5.893397331237792969e-02
5.954790115356445312e-02
5.716419219970703125e-02
6.824922561645507812e-02
6.180310249328613281e-02
5.683207511901855469e-02
5.693984031677246094e-02
6.015181541442871094e-02
6.258988380432128906e-02
5.926895141601562500e-02
6.356978416442871094e-02
6.088304519653320312e-02
5.523896217346191406e-02
6.399726867675781250e-02
5.874013900756835938e-02
6.134510040283203125e-02
5.911231040954589844e-02
5.761408805847167969e-02
6.172394752502441406e-02
8.440113067626953125e-02
6.993365287780761719e-02
5.755710601806640625e-02
5.929589271545410156e-02
5.850791931152343750e-02
5.894494056701660156e-02
5.897808074951171875e-02
5.737781524658203125e-02
6.569075584411621094e-02
5.466699600219726562e-02
6.512498855590820312e-02
5.242991447448730469e-02
5.642580986022949219e-02
7.434678077697753906e-02
6.788873672485351562e-02
6.875014305114746094e-02
5.626201629638671875e-02
5.699801445007324219e-02
5.984687805175781250e-02
5.255699157714843750e-02
6.015467643737792969e-02
5.805301666259765625e-02
6.283092498779296875e-02
6.818199157714843750e-02
6.343412399291992188e-02
6.361794471740722656e-02
6.518602371215820312e-02
7.532691955566406250e-02
6.969904899597167969e-02
6.428313255310058594e-02
6.404614448547363281e-02
5.956101417541503906e-02
6.752276420593261719e-02
6.142592430114746094e-02
6.325459480285644531e-02
5.466580390930175781e-02
6.040692329406738281e-02
5.913925170898437500e-02
5.928206443786621094e-02
7.076096534729003906e-02
7.881975173950195312e-02
6.228828430175781250e-02
5.726099014282226562e-02
5.374813079833984375e-02
6.319904327392578125e-02
6.245136260986328125e-02
5.639386177062988281e-02
5.597209930419921875e-02
6.563210487365722656e-02
6.138205528259277344e-02
5.534696578979492188e-02
7.248306274414062500e-02
5.836987495422363281e-02
6.198310852050781250e-02
5.848503112792968750e-02
7.296729087829589844e-02
6.468510627746582031e-02
6.794023513793945312e-02
6.720018386840820312e-02
1.166219711303710938e-01
5.839610099792480469e-02
6.250810623168945312e-02
7.115006446838378906e-02
6.156063079833984375e-02
5.882000923156738281e-02
5.713295936584472656e-02
6.736302375793457031e-02
6.460189819335937500e-02
5.301666259765625000e-02
7.132911682128906250e-02
6.886076927185058594e-02
5.831003189086914062e-02
6.168699264526367188e-02
6.001210212707519531e-02
7.155489921569824219e-02
7.005214691162109375e-02
7.789802551269531250e-02
7.874512672424316406e-02
7.342386245727539062e-02
6.058716773986816406e-02
6.459712982177734375e-02
6.924176216125488281e-02
7.757210731506347656e-02
6.154298782348632812e-02
5.577397346496582031e-02
6.279301643371582031e-02
5.470538139343261719e-02
7.195401191711425781e-02
6.621193885803222656e-02
7.449388504028320312e-02
5.373811721801757812e-02
6.027793884277343750e-02
5.718302726745605469e-02
5.888104438781738281e-02
7.759213447570800781e-02
6.088495254516601562e-02
7.883596420288085938e-02
6.152129173278808594e-02
6.221199035644531250e-02
6.798410415649414062e-02
5.447387695312500000e-02
8.225703239440917969e-02
7.075405120849609375e-02
6.045484542846679688e-02
5.417704582214355469e-02
7.610511779785156250e-02
6.924510002136230469e-02
7.279014587402343750e-02
6.528902053833007812e-02
6.911730766296386719e-02
6.613874435424804688e-02
5.856394767761230469e-02
6.577992439270019531e-02
7.435512542724609375e-02
6.458282470703125000e-02
5.864763259887695312e-02
6.532597541809082031e-02
5.341529846191406250e-02
6.314587593078613281e-02
6.156396865844726562e-02
6.005620956420898438e-02
6.905221939086914062e-02
5.767488479614257812e-02
5.513882637023925781e-02
5.866193771362304688e-02
5.916976928710937500e-02
6.306099891662597656e-02
7.065916061401367188e-02
7.554984092712402344e-02
5.587506294250488281e-02
7.506108283996582031e-02
6.195878982543945312e-02
5.909562110900878906e-02
6.074285507202148438e-02
6.293296813964843750e-02
5.276894569396972656e-02
6.015586853027343750e-02
6.200218200683593750e-02
6.005096435546875000e-02
6.087017059326171875e-02
5.364584922790527344e-02
6.330275535583496094e-02
5.553197860717773438e-02
6.910467147827148438e-02
6.478118896484375000e-02
5.525994300842285156e-02
1.054129600524902344e-01
8.628702163696289062e-02
7.720112800598144531e-02
9.557104110717773438e-02
8.177089691162109375e-02
9.011101722717285156e-02
5.798912048339843750e-02
6.541585922241210938e-02
9.752511978149414062e-02
8.881592750549316406e-02
1.036059856414794922e-01
6.974005699157714844e-02
7.604813575744628906e-02
6.329011917114257812e-02
7.858514785766601562e-02
7.005691528320312500e-02
7.539105415344238281e-02
9.783983230590820312e-02
8.674311637878417969e-02
7.148194313049316406e-02
6.697392463684082031e-02
8.865594863891601562e-02
6.271123886108398438e-02
7.389903068542480469e-02
8.340501785278320312e-02
9.981894493103027344e-02
9.854698181152343750e-02
1.156539916992187500e-01
7.525920867919921875e-02
1.138529777526855469e-01
1.153080463409423828e-01
1.207640171051025391e-01
1.072037220001220703e-01
1.351599693298339844e-01
9.928989410400390625e-02
2.481820583343505859e-01
1.326949596405029297e-01
1.932210922241210938e-01
1.159679889678955078e-01
2.553989887237548828e-01
6.160352230072021484e-01
1.068069934844970703e-01
2.323029041290283203e-01
1.050412654876708984e-01
1.075799465179443359e-01
2.026441097259521484e-01
1.048400402069091797e-01
1.558668613433837891e-01
1.887948513031005859e-01
2.368829250335693359e-01
2.953841686248779297e-01
