3.981590270996093750e-05
1.898097991943359375e-02
2.717971801757812500e-05
3.290176391601562500e-05
2.264976501464843750e-05
2.193450927734375000e-05
2.980232238769531250e-05
3.027915954589843750e-05
3.290176391601562500e-05
2.908706665039062500e-05
2.908706665039062500e-05
2.193450927734375000e-05
2.217292785644531250e-05
3.290176391601562500e-05
2.217292785644531250e-05
3.004074096679687500e-05
3.290176391601562500e-05
3.099441528320312500e-05
2.694129943847656250e-05
2.789497375488281250e-05
2.884864807128906250e-05
3.099441528320312500e-05
4.068851470947265625e-03
3.218650817871093750e-05
3.099441528320312500e-05
2.932548522949218750e-05
2.098083496093750000e-05
2.789497375488281250e-05
2.408027648925781250e-05
3.290176391601562500e-05
2.408027648925781250e-05
3.504753112792968750e-05
2.574920654296875000e-05
2.288818359375000000e-05
2.717971801757812500e-05
3.409385681152343750e-05
2.789497375488281250e-05
2.908706665039062500e-05
2.694129943847656250e-05
2.789497375488281250e-05
2.574920654296875000e-05
3.004074096679687500e-05
3.075599670410156250e-05
2.694129943847656250e-05
3.449916839599609375e-03
3.075599670410156250e-05
2.908706665039062500e-05
2.980232238769531250e-05
3.099441528320312500e-05
3.194808959960937500e-05
2.789497375488281250e-05
2.288818359375000000e-05
2.622604370117187500e-05
3.409385681152343750e-05
2.002716064453125000e-05
2.217292785644531250e-05
2.884864807128906250e-05
2.670288085937500000e-05
2.789497375488281250e-05
2.717971801757812500e-05
2.789497375488281250e-05
2.408027648925781250e-05
2.789497375488281250e-05
2.980232238769531250e-05
3.194808959960937500e-05
3.528594970703125000e-05
3.448724746704101562e-03
6.413459777832031250e-05
2.193450927734375000e-05
3.194808959960937500e-05
3.027915954589843750e-05
3.004074096679687500e-05
3.099441528320312500e-05
3.504753112792968750e-05
2.217292785644531250e-05
3.290176391601562500e-05
2.813339233398437500e-05
2.908706665039062500e-05
3.004074096679687500e-05
3.099441528320312500e-05
3.194808959960937500e-05
3.004074096679687500e-05
2.813339233398437500e-05
2.694129943847656250e-05
2.813339233398437500e-05
3.027915954589843750e-05
2.717971801757812500e-05
3.314018249511718750e-05
3.486871719360351562e-03
3.528594970703125000e-05
3.409385681152343750e-05
3.004074096679687500e-05
3.504753112792968750e-05
3.194808959960937500e-05
2.098083496093750000e-05
3.194808959960937500e-05
3.194808959960937500e-05
3.099441528320312500e-05
3.266334533691406250e-05
3.314018249511718750e-05
3.480911254882812500e-05
3.504753112792968750e-05
1.406669616699218750e-05
3.588914871215820312e-03
3.371000289916992188e-03
7.700920104980468750e-05
2.789497375488281250e-05
3.194808959960937500e-05
2.813339233398437500e-05
3.004074096679687500e-05
1.478195190429687500e-05
1.215934753417968750e-05
3.937959671020507812e-03
1.692771911621093750e-05
3.383159637451171875e-03
3.519058227539062500e-03
5.070209503173828125e-03
3.818988800048828125e-03
1.215934753417968750e-05
1.525878906250000000e-05
1.406669616699218750e-05
4.832029342651367188e-03
1.788139343261718750e-05
4.509925842285156250e-03
1.692771911621093750e-05
1.716613769531250000e-05
1.907348632812500000e-05
4.184722900390625000e-03
5.513191223144531250e-03
3.882884979248046875e-03
3.464937210083007812e-03
3.397226333618164062e-03
1.502037048339843750e-05
1.883506774902343750e-05
1.621246337890625000e-05
3.537893295288085938e-03
3.705024719238281250e-03
3.597021102905273438e-03
4.324913024902343750e-03
3.726005554199218750e-03
3.407955169677734375e-03
3.527879714965820312e-03
3.390073776245117188e-03
3.453969955444335938e-03
1.788139343261718750e-05
1.788139343261718750e-05
3.598928451538085938e-03
1.502037048339843750e-05
3.768205642700195312e-03
1.406669616699218750e-05
1.597404479980468750e-05
3.675937652587890625e-03
1.621246337890625000e-05
1.597404479980468750e-05
3.744125366210937500e-03
3.878116607666015625e-03
3.859996795654296875e-03
3.969669342041015625e-03
3.610134124755859375e-03
3.796339035034179688e-03
3.587961196899414062e-03
3.399133682250976562e-03
3.701210021972656250e-03
3.473758697509765625e-03
3.890037536621093750e-03
3.571033477783203125e-03
3.587722778320312500e-03
3.497838973999023438e-03
1.406669616699218750e-05
5.204200744628906250e-03
4.209995269775390625e-03
3.850936889648437500e-03
3.587007522583007812e-03
3.390073776245117188e-03
3.621101379394531250e-03
3.381013870239257812e-03
3.550052642822265625e-03
1.192092895507812500e-05
1.597404479980468750e-05
1.692771911621093750e-05
3.572940826416015625e-03
3.623008728027343750e-03
3.725051879882812500e-03
3.546953201293945312e-03
3.442049026489257812e-03
3.417968750000000000e-03
3.449201583862304688e-03
3.532886505126953125e-03
3.452301025390625000e-03
1.692771911621093750e-05
3.496885299682617188e-03
3.350973129272460938e-03
4.037141799926757812e-03
2.193450927734375000e-05
3.099441528320312500e-05
2.980232238769531250e-05
3.004074096679687500e-05
2.884864807128906250e-05
1.621246337890625000e-05
1.573562622070312500e-05
1.692771911621093750e-05
1.502037048339843750e-05
3.160238265991210938e-03
2.408027648925781250e-05
3.460168838500976562e-03
4.385948181152343750e-03
3.571033477783203125e-03
3.597021102905273438e-03
3.566741943359375000e-03
3.453969955444335938e-03
3.557920455932617188e-03
3.877878189086914062e-03
3.503322601318359375e-03
3.524065017700195312e-03
3.643035888671875000e-03
3.878831863403320312e-03
3.488063812255859375e-03
3.428220748901367188e-03
3.440856933593750000e-03
2.884864807128906250e-05
3.027915954589843750e-05
3.075599670410156250e-05
1.692771911621093750e-05
3.551006317138671875e-03
3.506898880004882812e-03
3.906011581420898438e-03
2.932548522949218750e-05
2.379417419433593750e-04
3.194808959960937500e-05
3.194808959960937500e-05
3.194808959960937500e-05
1.788139343261718750e-05
1.883506774902343750e-05
3.616809844970703125e-03
3.659009933471679688e-03
4.130840301513671875e-03
4.765033721923828125e-03
3.099441528320312500e-05
3.004074096679687500e-05
3.194808959960937500e-05
3.004074096679687500e-05
3.123283386230468750e-05
3.218650817871093750e-05
3.504753112792968750e-05
1.788139343261718750e-05
3.772020339965820312e-03
3.426074981689453125e-03
3.625869750976562500e-03
3.004074096679687500e-05
2.789497375488281250e-05
2.288818359375000000e-05
3.004074096679687500e-05
3.218650817871093750e-05
3.004074096679687500e-05
3.075599670410156250e-05
3.099441528320312500e-05
3.099441528320312500e-05
2.884864807128906250e-05
3.290176391601562500e-05
2.884864807128906250e-05
2.312660217285156250e-05
3.004074096679687500e-05
3.385543823242187500e-05
3.576278686523437500e-05
3.290176391601562500e-05
3.504753112792968750e-05
1.597404479980468750e-05
1.692771911621093750e-05
1.692771911621093750e-05
3.669977188110351562e-03
3.823280334472656250e-03
5.824804306030273438e-03
3.526210784912109375e-03
3.450155258178710938e-03
4.427671432495117188e-03
3.548145294189453125e-03
3.412961959838867188e-03
3.628730773925781250e-03
3.290176391601562500e-05
3.385543823242187500e-05
3.409385681152343750e-05
3.409385681152343750e-05
4.410743713378906250e-05
3.194808959960937500e-05
3.099441528320312500e-05
2.384185791015625000e-05
1.692771911621093750e-05
1.788139343261718750e-05
8.215188980102539062e-03
3.721952438354492188e-03
3.389835357666015625e-03
3.924846649169921875e-03
3.346920013427734375e-03
3.466129302978515625e-03
1.597404479980468750e-05
3.442049026489257812e-03
3.455877304077148438e-03
3.538131713867187500e-03
3.409385681152343750e-05
1.811981201171875000e-05
1.597404479980468750e-05
2.098083496093750000e-05
4.982948303222656250e-03
3.739118576049804688e-03
3.618001937866210938e-03
3.194808959960937500e-05
1.978874206542968750e-05
1.597404479980468750e-05
3.774881362915039062e-03
1.014900207519531250e-02
3.597021102905273438e-03
3.350019454956054688e-03
1.525878906250000000e-05
3.880977630615234375e-03
1.907348632812500000e-05
1.788139343261718750e-05
4.059076309204101562e-03
3.386020660400390625e-03
3.783941268920898438e-03
1.978874206542968750e-05
3.725051879882812500e-03
4.853010177612304688e-03
7.567644119262695312e-03
3.460168838500976562e-03
3.396987915039062500e-03
3.458023071289062500e-03
3.606081008911132812e-03
3.819942474365234375e-03
1.502037048339843750e-05
1.883506774902343750e-05
3.377199172973632812e-03
3.794908523559570312e-03
3.669977188110351562e-03
3.689050674438476562e-03
3.546953201293945312e-03
5.891799926757812500e-03
1.389980316162109375e-04
3.194808959960937500e-05
4.544973373413085938e-03
6.389617919921875000e-05
2.408027648925781250e-05
3.607034683227539062e-03
1.811981201171875000e-05
2.288818359375000000e-05
3.526926040649414062e-03
3.617048263549804688e-03
3.325939178466796875e-03
4.273891448974609375e-03
3.699064254760742188e-03
3.785371780395507812e-03
2.098083496093750000e-05
4.371881484985351562e-03
3.790855407714843750e-05
4.696846008300781250e-05
3.886222839355468750e-05
3.309965133666992188e-03
3.775119781494140625e-03
3.910064697265625000e-05
3.815174102783203125e-03
3.194808959960937500e-05
3.983020782470703125e-03
1.883506774902343750e-05
3.941059112548828125e-03
5.708932876586914062e-03
1.692771911621093750e-05
3.503084182739257812e-03
3.888845443725585938e-03
3.724098205566406250e-03
3.675937652587890625e-03
4.346132278442382812e-03
3.314018249511718750e-05
3.544092178344726562e-03
1.716613769531250000e-05
3.731966018676757812e-03
3.879308700561523438e-03
6.412029266357421875e-03
8.569240570068359375e-03
3.194808959960937500e-05
2.789497375488281250e-05
3.468990325927734375e-03
3.532886505126953125e-03
9.393692016601562500e-05
3.623962402343750000e-05
3.299951553344726562e-03
3.099441528320312500e-05
3.624916076660156250e-03
2.813339233398437500e-05
1.621246337890625000e-05
3.480672836303710938e-03
3.558158874511718750e-03
1.692771911621093750e-05
5.781888961791992188e-03
3.431081771850585938e-03
3.638982772827148438e-03
3.674030303955078125e-03
3.827810287475585938e-03
8.177757263183593750e-05
3.099441528320312500e-05
3.004074096679687500e-05
3.504753112792968750e-05
3.314018249511718750e-05
2.980232238769531250e-05
3.859043121337890625e-03
6.576061248779296875e-03
3.767013549804687500e-05
3.480911254882812500e-05
3.481149673461914062e-03
3.099441528320312500e-05
3.530979156494140625e-03
3.314018249511718750e-05
3.281831741333007812e-03
3.290176391601562500e-05
3.474950790405273438e-03
3.409385681152343750e-05
3.557205200195312500e-03
3.004074096679687500e-05
3.417015075683593750e-03
3.004074096679687500e-05
3.489017486572265625e-03
2.288818359375000000e-05
3.480911254882812500e-05
2.884864807128906250e-05
3.409385681152343750e-05
3.604888916015625000e-03
3.600120544433593750e-05
3.457069396972656250e-03
3.290176391601562500e-05
3.099441528320312500e-05
3.194808959960937500e-05
3.194808959960937500e-05
2.980232238769531250e-05
3.695487976074218750e-05
1.716613769531250000e-05
1.692771911621093750e-05
3.895044326782226562e-03
3.333330154418945312e-03
3.838062286376953125e-03
6.071090698242187500e-03
3.382921218872070312e-03
3.755092620849609375e-03
1.692771911621093750e-05
3.555059432983398438e-03
3.645181655883789062e-03
1.597404479980468750e-05
3.570318222045898438e-03
3.478050231933593750e-03
3.769159317016601562e-03
3.530025482177734375e-03
3.505229949951171875e-03
3.579139709472656250e-03
3.099441528320312500e-05
2.503395080566406250e-05
3.218650817871093750e-05
3.099441528320312500e-05
3.194808959960937500e-05
3.194808959960937500e-05
3.314018249511718750e-05
3.409385681152343750e-05
3.719329833984375000e-05
3.290176391601562500e-05
3.099441528320312500e-05
4.291534423828125000e-05
3.600120544433593750e-05
3.385543823242187500e-05
3.790855407714843750e-05
3.385543823242187500e-05
3.099441528320312500e-05
3.981590270996093750e-05
4.013776779174804688e-03
3.004074096679687500e-05
3.004074096679687500e-05
4.708766937255859375e-03
3.194808959960937500e-05
4.125118255615234375e-03
3.099441528320312500e-05
3.719806671142578125e-03
3.290176391601562500e-05
3.776073455810546875e-03
3.194808959960937500e-05
4.005432128906250000e-05
3.409385681152343750e-05
2.408027648925781250e-05
3.290176391601562500e-05
2.598762512207031250e-05
3.099441528320312500e-05
5.769729614257812500e-05
3.409385681152343750e-05
3.194808959960937500e-05
3.474950790405273438e-03
3.385543823242187500e-05
3.584861755371093750e-03
1.161098480224609375e-04
4.053115844726562500e-03
3.290176391601562500e-05
3.218650817871093750e-05
3.570079803466796875e-03
1.716613769531250000e-05
3.608226776123046875e-03
3.381013870239257812e-03
3.675937652587890625e-03
3.409385681152343750e-05
3.194808959960937500e-05
3.409385681152343750e-05
3.753900527954101562e-03
3.590822219848632812e-03
3.385543823242187500e-05
2.193450927734375000e-05
3.869056701660156250e-03
4.142045974731445312e-03
3.648042678833007812e-03
3.545999526977539062e-03
3.685235977172851562e-03
3.500938415527343750e-03
3.422975540161132812e-03
3.290176391601562500e-05
3.886222839355468750e-05
3.706932067871093750e-03
3.808975219726562500e-03
2.980232238769531250e-05
3.218650817871093750e-05
3.754854202270507812e-03
3.218650817871093750e-05
1.621246337890625000e-05
3.651142120361328125e-03
3.415822982788085938e-03
3.655195236206054688e-03
3.697872161865234375e-03
3.472805023193359375e-03
1.192092895507812500e-05
3.377199172973632812e-03
3.460884094238281250e-03
3.332138061523437500e-03
3.674030303955078125e-03
3.530025482177734375e-03
3.790140151977539062e-03
3.820180892944335938e-03
3.409385681152343750e-05
2.408027648925781250e-05
3.793001174926757812e-03
2.980232238769531250e-05
3.004074096679687500e-05
5.866050720214843750e-03
3.194808959960937500e-05
4.312992095947265625e-03
2.908706665039062500e-05
3.295183181762695312e-03
3.099441528320312500e-05
4.017353057861328125e-03
3.480911254882812500e-05
3.335952758789062500e-03
3.194808959960937500e-05
3.777980804443359375e-03
1.621246337890625000e-05
3.468036651611328125e-03
3.499984741210937500e-03
3.454923629760742188e-03
3.641128540039062500e-03
3.099441528320312500e-05
3.581047058105468750e-03
3.099441528320312500e-05
1.597404479980468750e-05
3.767967224121093750e-03
3.496885299682617188e-03
3.817796707153320312e-03
3.571987152099609375e-03
3.464937210083007812e-03
3.640174865722656250e-03
3.693819046020507812e-03
3.453016281127929688e-03
3.680944442749023438e-03
3.452301025390625000e-03
5.489110946655273438e-03
3.099441528320312500e-05
4.316806793212890625e-03
3.027915954589843750e-05
3.373146057128906250e-03
3.364086151123046875e-03
3.004074096679687500e-05
3.266334533691406250e-05
3.959178924560546875e-03
3.657817840576171875e-03
2.789497375488281250e-05
3.409385681152343750e-05
3.459930419921875000e-03
2.884864807128906250e-05
4.073143005371093750e-03
3.409385681152343750e-05
3.194808959960937500e-05
3.447055816650390625e-03
3.385543823242187500e-05
3.290176391601562500e-05
3.767967224121093750e-03
3.410100936889648438e-03
3.971099853515625000e-03
2.932548522949218750e-05
4.669904708862304688e-03
3.194808959960937500e-05
3.004074096679687500e-05
2.264976501464843750e-05
3.504753112792968750e-05
2.980232238769531250e-05
1.692771911621093750e-05
3.103971481323242188e-03
3.479242324829101562e-03
3.445863723754882812e-03
3.462076187133789062e-03
3.525972366333007812e-03
2.884864807128906250e-05
3.545999526977539062e-03
1.597404479980468750e-05
3.645896911621093750e-03
1.597404479980468750e-05
3.365993499755859375e-03
3.566741943359375000e-03
3.486871719360351562e-03
4.137277603149414062e-03
1.263618469238281250e-05
1.621246337890625000e-05
3.648042678833007812e-03
4.299163818359375000e-03
3.544092178344726562e-03
3.485202789306640625e-03
3.571987152099609375e-03
3.850936889648437500e-03
3.345251083374023438e-03
4.033088684082031250e-03
3.932952880859375000e-03
3.004074096679687500e-05
2.932548522949218750e-05
1.811981201171875000e-05
4.015207290649414062e-03
1.287460327148437500e-05
3.397941589355468750e-03
3.867864608764648438e-03
3.734827041625976562e-03
3.564834594726562500e-03
3.459215164184570312e-03
3.477096557617187500e-03
3.004074096679687500e-05
3.611087799072265625e-03
2.813339233398437500e-05
3.194808959960937500e-05
3.546237945556640625e-03
8.702278137207031250e-05
5.197525024414062500e-05
3.568887710571289062e-03
4.245996475219726562e-03
3.371000289916992188e-03
5.793571472167968750e-05
3.703117370605468750e-03
3.600120544433593750e-05
3.409385681152343750e-05
3.576278686523437500e-05
3.314018249511718750e-05
3.075599670410156250e-05
3.194808959960937500e-05
3.480911254882812500e-05
3.719329833984375000e-05
3.409385681152343750e-05
3.194808959960937500e-05
2.908706665039062500e-05
2.503395080566406250e-05
3.075599670410156250e-05
3.290176391601562500e-05
1.692771911621093750e-05
3.365039825439453125e-03
3.941059112548828125e-03
3.004074096679687500e-05
3.396749496459960938e-03
3.790855407714843750e-05
3.004074096679687500e-05
3.503084182739257812e-03
2.908706665039062500e-05
3.479003906250000000e-03
2.980232238769531250e-05
3.781080245971679688e-03
2.980232238769531250e-05
1.668930053710937500e-05
3.418922424316406250e-03
3.554105758666992188e-03
4.076004028320312500e-03
3.099441528320312500e-05
3.576278686523437500e-05
2.908706665039062500e-05
3.004074096679687500e-05
3.314018249511718750e-05
3.194808959960937500e-05
3.242492675781250000e-05
3.683090209960937500e-03
1.716613769531250000e-05
3.911972045898437500e-03
3.592967987060546875e-03
3.639936447143554688e-03
3.507852554321289062e-03
3.409385681152343750e-05
3.447055816650390625e-03
3.790855407714843750e-05
3.567695617675781250e-03
3.290176391601562500e-05
3.463745117187500000e-03
3.409385681152343750e-05
3.194808959960937500e-05
3.099441528320312500e-05
4.041194915771484375e-03
5.352973937988281250e-03
3.385543823242187500e-05
3.099441528320312500e-05
3.385543823242187500e-05
3.470897674560546875e-03
1.907348632812500000e-05
3.829956054687500000e-03
4.163980484008789062e-03
1.978874206542968750e-05
4.493713378906250000e-03
4.679203033447265625e-03
4.408836364746093750e-03
3.719091415405273438e-03
3.585100173950195312e-03
3.591060638427734375e-03
3.451108932495117188e-03
3.486156463623046875e-03
3.449916839599609375e-03
3.671646118164062500e-05
3.567218780517578125e-03
3.753185272216796875e-03
3.513097763061523438e-03
3.194808959960937500e-05
3.631114959716796875e-03
3.468036651611328125e-03
3.314018249511718750e-05
3.658056259155273438e-03
1.692771911621093750e-05
3.291130065917968750e-03
3.412008285522460938e-03
3.780841827392578125e-03
3.744840621948242188e-03
3.461837768554687500e-03
4.072904586791992188e-03
3.401279449462890625e-03
2.908706665039062500e-05
3.409385681152343750e-05
3.379821777343750000e-03
3.314018249511718750e-05
3.352165222167968750e-03
3.623962402343750000e-05
3.359079360961914062e-03
5.412101745605468750e-05
3.546953201293945312e-03
3.099441528320312500e-05
3.483057022094726562e-03
2.598762512207031250e-05
3.432035446166992188e-03
3.194808959960937500e-05
2.288818359375000000e-05
3.474235534667968750e-03
3.803968429565429688e-03
3.386020660400390625e-03
3.409385681152343750e-05
3.947019577026367188e-03
2.884864807128906250e-05
3.099441528320312500e-05
3.409385681152343750e-05
4.632949829101562500e-03
3.532648086547851562e-03
3.524065017700195312e-03
3.808021545410156250e-03
3.607034683227539062e-03
3.099441528320312500e-05
7.754087448120117188e-03
5.975723266601562500e-03
3.533124923706054688e-03
3.931045532226562500e-03
3.027915954589843750e-05
7.760047912597656250e-03
2.908706665039062500e-05
3.837108612060546875e-03
3.775119781494140625e-03
3.290176391601562500e-05
3.099441528320312500e-05
3.928184509277343750e-03
3.839969635009765625e-03
3.409385681152343750e-05
3.194808959960937500e-05
4.280805587768554688e-03
3.314018249511718750e-05
3.434896469116210938e-03
3.409385681152343750e-05
2.980232238769531250e-05
3.890275955200195312e-03
3.385543823242187500e-05
3.385543823242187500e-05
1.621246337890625000e-05
3.530025482177734375e-03
3.566026687622070312e-03
3.608942031860351562e-03
1.716613769531250000e-05
3.623962402343750000e-03
3.470182418823242188e-03
3.441095352172851562e-03
5.486726760864257812e-03
3.823208808898925781e-02
3.385543823242187500e-05
1.621246337890625000e-05
3.225088119506835938e-03
1.811981201171875000e-05
1.085638999938964844e-02
1.502037048339843750e-05
8.244991302490234375e-03
7.871866226196289062e-03
7.447004318237304688e-03
6.982088088989257812e-03
7.100105285644531250e-03
1.692771911621093750e-05
8.018016815185546875e-03
8.744955062866210938e-03
7.125854492187500000e-03
3.527879714965820312e-03
6.845951080322265625e-03
1.788139343261718750e-05
9.163856506347656250e-03
3.760099411010742188e-03
3.598213195800781250e-03
3.695487976074218750e-05
4.026889801025390625e-03
9.608268737792968750e-05
3.540039062500000000e-03
4.569768905639648438e-03
3.218650817871093750e-05
3.314018249511718750e-05
3.290176391601562500e-05
3.290176391601562500e-05
3.194808959960937500e-05
3.668069839477539062e-03
3.266334533691406250e-05
3.398895263671875000e-03
5.280017852783203125e-03
3.390789031982421875e-03
3.360033035278320312e-03
3.290176391601562500e-05
3.818988800048828125e-03
3.314018249511718750e-05
3.290176391601562500e-05
3.883123397827148438e-03
3.504753112792968750e-05
3.194808959960937500e-05
1.478195190429687500e-05
1.573562622070312500e-05
7.813930511474609375e-03
7.030010223388671875e-03
7.161855697631835938e-03
3.605127334594726562e-03
3.635883331298828125e-03
1.621246337890625000e-05
3.889799118041992188e-03
3.259181976318359375e-03
3.290176391601562500e-05
3.600120544433593750e-05
3.099441528320312500e-05
3.480911254882812500e-05
3.576278686523437500e-05
3.504753112792968750e-05
3.099441528320312500e-05
3.004074096679687500e-05
3.123283386230468750e-05
3.170967102050781250e-05
2.884864807128906250e-05
3.536224365234375000e-03
1.883506774902343750e-05
6.880044937133789062e-03
3.257036209106445312e-03
3.290176391601562500e-05
3.570318222045898438e-03
3.385543823242187500e-05
3.441333770751953125e-03
3.170967102050781250e-05
3.418922424316406250e-03
3.314018249511718750e-05
2.479553222656250000e-05
3.465890884399414062e-03
3.504753112792968750e-05
3.594160079956054688e-03
3.409385681152343750e-05
3.409385681152343750e-05
3.504753112792968750e-05
3.290176391601562500e-05
3.218650817871093750e-05
4.196166992187500000e-05
3.409385681152343750e-05
3.174781799316406250e-03
3.290176391601562500e-05
3.793001174926757812e-03
1.692771911621093750e-05
6.598949432373046875e-03
1.907348632812500000e-05
7.714986801147460938e-03
6.924152374267578125e-03
6.940841674804687500e-03
6.793022155761718750e-03
3.194808959960937500e-05
3.788709640502929688e-03
3.194808959960937500e-05
2.098083496093750000e-05
3.488063812255859375e-03
1.692771911621093750e-05
9.341955184936523438e-03
7.380962371826171875e-03
3.532648086547851562e-03
3.194808959960937500e-05
4.653692245483398438e-03
5.698204040527343750e-05
3.694295883178710938e-03
4.462003707885742188e-03
3.194808959960937500e-05
1.811981201171875000e-05
1.788139343261718750e-05
7.202863693237304688e-03
9.243249893188476562e-03
9.777069091796875000e-03
6.928205490112304688e-03
3.194808959960937500e-05
4.082202911376953125e-03
3.629207611083984375e-03
4.196166992187500000e-05
3.877162933349609375e-03
3.621101379394531250e-03
3.593921661376953125e-03
3.600120544433593750e-05
3.518104553222656250e-03
3.528594970703125000e-05
1.597404479980468750e-05
7.161855697631835938e-03
6.904602050781250000e-03
7.428884506225585938e-03
3.448247909545898438e-03
3.643274307250976562e-03
3.781795501708984375e-03
2.908706665039062500e-05
3.416061401367187500e-03
3.525972366333007812e-03
3.290176391601562500e-05
3.290176391601562500e-05
3.425121307373046875e-03
3.671646118164062500e-05
4.182100296020507812e-03
3.194808959960937500e-05
3.432989120483398438e-03
2.884864807128906250e-05
3.968954086303710938e-03
3.194808959960937500e-05
3.484964370727539062e-03
3.409385681152343750e-05
3.888130187988281250e-03
1.883506774902343750e-05
7.112979888916015625e-03
6.848096847534179688e-03
6.978034973144531250e-03
3.767967224121093750e-03
8.130073547363281250e-05
3.643751144409179688e-03
3.504753112792968750e-05
3.290176391601562500e-05
3.218650817871093750e-05
3.487110137939453125e-03
3.437042236328125000e-03
3.619909286499023438e-03
3.410816192626953125e-03
3.631114959716796875e-03
3.194808959960937500e-05
3.890991210937500000e-03
3.517866134643554688e-03
3.948211669921875000e-03
3.714084625244140625e-03
3.194808959960937500e-05
3.379344940185546875e-03
2.884864807128906250e-05
3.458976745605468750e-03
3.554105758666992188e-03
3.480911254882812500e-05
3.194808959960937500e-05
3.516912460327148438e-03
3.552436828613281250e-03
3.409385681152343750e-05
3.409385681152343750e-05
1.374888420104980469e-02
3.623962402343750000e-05
3.468036651611328125e-03
1.811981201171875000e-05
3.364086151123046875e-03
1.907348632812500000e-05
9.517908096313476562e-03
3.468036651611328125e-03
3.392696380615234375e-03
3.890991210937500000e-03
1.502037048339843750e-05
1.597404479980468750e-05
7.292270660400390625e-03
7.676124572753906250e-03
9.770870208740234375e-03
8.033990859985351562e-03
3.290176391601562500e-05
4.685115814208984375e-02
3.290176391601562500e-05
3.099441528320312500e-05
3.106117248535156250e-03
3.742218017578125000e-03
3.409385681152343750e-05
3.194808959960937500e-05
6.886959075927734375e-03
6.862878799438476562e-03
3.290176391601562500e-05
7.156133651733398438e-03
3.507852554321289062e-03
3.528594970703125000e-05
6.740808486938476562e-03
3.597021102905273438e-03
6.834983825683593750e-03
3.314018249511718750e-05
6.779193878173828125e-03
3.194808959960937500e-05
3.584146499633789062e-03
3.576993942260742188e-03
5.411148071289062500e-03
2.980232238769531250e-05
5.230188369750976562e-03
3.314018249511718750e-05
3.099441528320312500e-05
3.807067871093750000e-03
3.409385681152343750e-05
3.504753112792968750e-05
3.218650817871093750e-05
3.910064697265625000e-05
3.194808959960937500e-05
4.089832305908203125e-03
3.314018249511718750e-05
1.716613769531250000e-05
7.043838500976562500e-03
7.009029388427734375e-03
7.550001144409179688e-03
3.409385681152343750e-05
3.651142120361328125e-03
3.099441528320312500e-05
3.266334533691406250e-05
3.600835800170898438e-03
3.027915954589843750e-05
3.314018249511718750e-05
3.194808959960937500e-05
3.562211990356445312e-03
6.714105606079101562e-03
3.314018249511718750e-05
3.443002700805664062e-03
3.385543823242187500e-05
3.493070602416992188e-03
3.194808959960937500e-05
3.314018249511718750e-05
3.469944000244140625e-03
3.099441528320312500e-05
3.409385681152343750e-05
3.623962402343750000e-05
3.504753112792968750e-05
3.004074096679687500e-05
3.671646118164062500e-05
3.194808959960937500e-05
3.767013549804687500e-05
3.290176391601562500e-05
3.218650817871093750e-05
3.671646118164062500e-05
3.464937210083007812e-03
3.480911254882812500e-05
3.582000732421875000e-03
3.525733947753906250e-03
3.194808959960937500e-05
3.560066223144531250e-03
3.004074096679687500e-05
1.788139343261718750e-05
6.926059722900390625e-03
1.068282127380371094e-02
3.314018249511718750e-05
3.194808959960937500e-05
3.437757492065429688e-03
3.790855407714843750e-05
3.561258316040039062e-03
3.290176391601562500e-05
3.099441528320312500e-05
2.884864807128906250e-05
3.600120544433593750e-05
3.814697265625000000e-05
2.884864807128906250e-05
3.409385681152343750e-05
3.540039062500000000e-03
3.600120544433593750e-05
3.311157226562500000e-03
3.314018249511718750e-05
4.701137542724609375e-03
6.794929504394531250e-05
3.866195678710937500e-03
6.922960281372070312e-03
3.842830657958984375e-03
1.015520095825195312e-02
4.386901855468750000e-05
4.008769989013671875e-03
3.409385681152343750e-05
3.004074096679687500e-05
2.884864807128906250e-05
1.597404479980468750e-05
7.180213928222656250e-03
1.573562622070312500e-05
8.442163467407226562e-03
7.417201995849609375e-03
7.055997848510742188e-03
4.087924957275390625e-03
3.309011459350585938e-03
3.912925720214843750e-03
3.314018249511718750e-05
3.099441528320312500e-05
7.019042968750000000e-03
3.194808959960937500e-05
3.194808959960937500e-05
7.185935974121093750e-03
7.434129714965820312e-03
2.813339233398437500e-05
3.523111343383789062e-03
3.635883331298828125e-03
3.314018249511718750e-05
3.699064254760742188e-03
3.576040267944335938e-03
3.534793853759765625e-03
3.004074096679687500e-05
3.457069396972656250e-03
5.507469177246093750e-05
3.623962402343750000e-05
3.628730773925781250e-03
3.500938415527343750e-03
6.853818893432617188e-03
3.455877304077148438e-03
3.565073013305664062e-03
3.293037414550781250e-03
3.385543823242187500e-05
3.501892089843750000e-03
3.594160079956054688e-03
3.409385681152343750e-05
3.409385681152343750e-05
3.941059112548828125e-03
3.218650817871093750e-05
3.574132919311523438e-03
3.790855407714843750e-05
3.496885299682617188e-03
3.194808959960937500e-05
3.531217575073242188e-03
3.099441528320312500e-05
3.559827804565429688e-03
3.218650817871093750e-05
3.451108932495117188e-03
3.314018249511718750e-05
3.099441528320312500e-05
8.367061614990234375e-03
8.476734161376953125e-03
3.499984741210937500e-03
3.790855407714843750e-05
3.463983535766601562e-03
7.033348083496093750e-05
3.504753112792968750e-05
3.504753112792968750e-05
3.487110137939453125e-03
3.913879394531250000e-03
3.579139709472656250e-03
3.429889678955078125e-03
4.128694534301757812e-03
3.409385681152343750e-05
3.713130950927734375e-03
3.412008285522460938e-03
3.503799438476562500e-03
3.509044647216796875e-03
3.504753112792968750e-05
3.391981124877929688e-03
4.410743713378906250e-05
3.502130508422851562e-03
3.917932510375976562e-03
3.314018249511718750e-05
3.314018249511718750e-05
3.571033477783203125e-03
4.390001296997070312e-03
3.409385681152343750e-05
4.196166992187500000e-05
3.612279891967773438e-03
3.218650817871093750e-05
3.857851028442382812e-03
3.266334533691406250e-05
3.099441528320312500e-05
3.409385681152343750e-05
6.959199905395507812e-03
3.218650817871093750e-05
4.769802093505859375e-03
3.493070602416992188e-03
3.719329833984375000e-05
3.523111343383789062e-03
3.787040710449218750e-03
3.452301025390625000e-03
3.409862518310546875e-03
7.369995117187500000e-03
3.671646118164062500e-05
4.699015617370605469e-02
3.290176391601562500e-05
3.290176391601562500e-05
3.682136535644531250e-03
3.544092178344726562e-03
3.314018249511718750e-05
3.194808959960937500e-05
1.003193855285644531e-02
6.910085678100585938e-03
3.099441528320312500e-05
9.258031845092773438e-03
4.448890686035156250e-03
3.194808959960937500e-05
6.783008575439453125e-03
3.999948501586914062e-03
8.228302001953125000e-03
1.716613769531250000e-05
7.095813751220703125e-03
3.819942474365234375e-03
6.911993026733398438e-03
3.399848937988281250e-03
3.675937652587890625e-03
1.788139343261718750e-05
8.059740066528320312e-03
4.528760910034179688e-03
3.409385681152343750e-05
5.679845809936523438e-03
3.290176391601562500e-05
3.790855407714843750e-05
3.719329833984375000e-05
3.314018249511718750e-05
3.361701965332031250e-05
3.485918045043945312e-03
3.314018249511718750e-05
3.218650817871093750e-05
7.842063903808593750e-03
3.408193588256835938e-03
6.832122802734375000e-03
3.409385681152343750e-05
3.941774368286132812e-03
3.218650817871093750e-05
3.504753112792968750e-05
5.340337753295898438e-03
2.908706665039062500e-05
3.290176391601562500e-05
2.980232238769531250e-05
4.833698272705078125e-03
1.716613769531250000e-05
7.161855697631835938e-03
7.323265075683593750e-03
5.444049835205078125e-03
3.270149230957031250e-03
3.194808959960937500e-05
3.409385681152343750e-05
3.512859344482421875e-03
3.910064697265625000e-05
3.290176391601562500e-05
3.099441528320312500e-05
3.409385681152343750e-05
3.194808959960937500e-05
4.315376281738281250e-05
3.004074096679687500e-05
4.982948303222656250e-05
3.385543823242187500e-05
3.314018249511718750e-05
4.291534423828125000e-05
3.561019897460937500e-03
3.314018249511718750e-05
3.771781921386718750e-03
3.418207168579101562e-03
3.290176391601562500e-05
3.618240356445312500e-03
3.671646118164062500e-05
3.123283386230468750e-05
3.769159317016601562e-03
6.942987442016601562e-03
3.194808959960937500e-05
3.576278686523437500e-05
3.722190856933593750e-03
3.409385681152343750e-05
3.401994705200195312e-03
3.504753112792968750e-05
1.389980316162109375e-04
3.194808959960937500e-05
3.194808959960937500e-05
3.504753112792968750e-05
3.075599670410156250e-05
1.907348632812500000e-05
3.582954406738281250e-03
5.316734313964843750e-05
1.269388198852539062e-02
4.074096679687500000e-03
3.834962844848632812e-03
3.504753112792968750e-05
4.056215286254882812e-03
9.382963180541992188e-03
8.927106857299804688e-03
1.273608207702636719e-02
3.600120544433593750e-05
5.056858062744140625e-03
3.099441528320312500e-05
3.290176391601562500e-05
3.409385681152343750e-05
3.504753112792968750e-05
1.421380043029785156e-02
5.710124969482421875e-03
4.970073699951171875e-03
3.385543823242187500e-05
1.255607604980468750e-02
3.427743911743164062e-03
6.237745285034179688e-03
4.229068756103515625e-03
2.312660217285156250e-05
3.555059432983398438e-03
8.688211441040039062e-03
3.935098648071289062e-03
3.194808959960937500e-05
8.065938949584960938e-03
6.898880004882812500e-03
3.600120544433593750e-05
3.520965576171875000e-03
1.621246337890625000e-05
2.002716064453125000e-05
1.385617256164550781e-02
1.002907752990722656e-02
7.425069808959960938e-03
3.409385681152343750e-05
2.098083496093750000e-05
4.327774047851562500e-03
2.217292785644531250e-05
3.400087356567382812e-03
4.154920578002929688e-03
7.032155990600585938e-03
5.989789962768554688e-03
4.054069519042968750e-03
3.884077072143554688e-03
3.910064697265625000e-05
2.733898162841796875e-02
